0.452174 0.46087 1.29 1.31 1.29 1.31 1.3 1.31 1.3 0.31 0 0 -1 -1
0.482609 0.33913 1.36 1.03 1.36 1 1.33 1 1.33 0.94 0 0 1 1
0.46087 0.33913 1.31 1.03 1.36 1.03 1.36 1.98 1.39 1.98 0 0 0 1
0.265217 0.243478 0.86 0.81 0.76 0.81 0.76 0.96 1 0.96 0 0 0 1
0.356522 0.373913 1.07 1.11 1.05 1.11 1.05 0.63 1.05 0.63 0 0 1 1
0.356522 0.686957 1.07 1.83 1.19 1.83 1.19 1.32 1.16 1.32 0 0 1 1
0.295652 0.382609 0.93 1.13 1.07 1.13 1.07 1 1.1 1 0 0 0 1
0.36087 0.130435 1.08 0.55 1.08 0.91 1.01 0.91 1.01 0.96 0 0 1 1
0.2 0.617391 0.71 1.67 0.71 1.94 2.14 1.94 2.14 1.12 0 0 1 1
0.230435 0.786957 0.78 2.06 0.78 2.06 1.2 2.06 1.2 1.18 0 0 1 1
0.369565 0.769565 1.1 2.02 1.1 1.11 1.13 1.11 1.13 1.18 0 0 0 1
0.378261 0.747826 1.12 1.97 1.12 2.55 1.01 2.55 1.01 2.55 0 0 1 1
0.213043 0.182609 0.74 0.67 1.09 0.67 1.09 1.1 1.07 1.1 0 0 1 1
0.0913043 0.765217 0.46 2.01 0.52 2.01 0.52 1.21 0.48 1.21 0 0 1 1
0.195652 0.191304 0.7 0.69 1.22 0.69 1.22 0.46 0.68 0.46 0 0 1 1
0.6 0.1 1.63 0.48 0.38 0.48 0.38 0.45 1.17 0.45 0 0 1 1
0.5 0.43913 1.4 1.26 1.4 1.22 1.09 1.22 1.09 1.25 0 0 0 1
0.0434783 0.247826 0.35 0.82 0.35 1.11 1.13 1.11 1.13 1.14 0 0 0 1
0.117391 0.752174 0.52 1.98 0.52 2.1 1.05 2.1 1.05 0.58 0 0 1 1
0.352174 0.817391 1.06 2.13 1.06 1.15 0.88 1.15 0.88 2.02 0 0 1 1
0.33913 0.330435 1.03 1.01 1.03 1.74 1.12 1.74 1.12 1.1 0 0 0 1
0.33913 0.334783 1.03 1.02 1.1 1.02 1.1 1.13 1.19 1.13 0 0 1 1
0.369565 0.382609 1.1 1.13 1.08 1.13 1.08 1.53 1.09 1.53 0 0 1 1
0.326087 0.234783 1 0.79 1.93 0.79 1.93 0.86 1.09 0.86 0 0 0 1
0.269565 0.265217 0.87 0.86 0.94 0.86 0.94 1.86 0.92 1.86 0 0 0 1
0.143478 0.230435 0.58 0.78 2.55 0.78 2.55 2.55 2.55 2.55 0 0 0 1
0.0695652 1 0.41 2.55 0.41 2.13 0.44 2.13 0.44 0.45 1 0 0 1
1 0.130435 2.55 0.55 2.55 2.55 1.87 2.55 1.87 0.38 1 0 1 1
0.0695652 0.608696 0.41 1.65 0.41 2.04 0.42 2.04 0.42 0.38 1 0 0 1
0.0695652 0.608696 0.0695652 0.608696 0.41 1.65 0.41 2.04 0.42 2.04 1 0 0 2
1 0.43913 2.55 1.26 1.26 1.26 1.26 2.55 2.55 2.55 0 0 -1 -1
0.417391 0.821739 1.21 2.14 2.55 2.14 2.55 2.17 1.2 2.17 0 0 0 1
0.313043 0.278261 0.97 0.89 0.97 0.99 0.95 0.99 0.95 0.99 0 0 0 1
0.213043 0.204348 0.74 0.72 0.74 0.72 0.38 0.72 0.38 0.78 0 0 0 1
0.0652174 0.73913 0.4 1.95 0.4 2.06 0.25 2.06 0.25 0.54 1 0 0 1
0.0478261 0.821739 0.36 2.14 0.31 2.14 0.31 2.08 0.3 2.08 1 0 0 2
0.465217 0.482609 1.32 1.36 1.31 1.36 1.31 2.05 1.31 2.05 0 0 -1 -1
1 1 2.55 2.55 2.55 2.55 2.55 2.14 1.27 2.14 0 0 0 1
0.391304 0.386957 1.15 1.14 2.55 1.14 2.55 2.55 1.11 2.55 0 0 1 1
0.817391 1 2.13 2.55 1.23 2.55 1.23 2.14 1.17 2.14 0 0 1 1
0.434783 0.391304 1.25 1.15 1.13 1.15 1.13 1.27 2.55 1.27 0 0 0 1
0.378261 0.369565 1.12 1.1 1.12 1.02 2.11 1.02 2.11 1.03 0 0 1 1
0.382609 0.73913 1.13 1.95 1.13 2.14 1.11 2.14 1.11 1.11 0 0 1 1
1 0.821739 2.55 2.14 2.55 1.07 1.06 1.07 1.06 1.14 0 0 0 1
0.243478 0.834783 0.81 2.17 0.81 0.83 0.82 0.83 0.82 2.15 0 0 0 1
0.117391 0.126087 0.52 0.54 0.52 1.79 0.59 1.79 0.59 0.64 0 0 0 1
0.108696 0.0956522 0.5 0.47 0.45 0.47 0.45 1.86 0.42 1.86 1 0 1 1
1 0.752174 2.55 1.98 2.55 1.98 2.55 2.13 0.48 2.13 1 0 1 1
0.817391 0.826087 2.13 2.15 0.49 2.15 0.49 0.63 2.55 0.63 1 0 0 1
0.791304 0.026087 2.07 0.31 2.07 1.69 2.55 1.69 2.55 1.7 1 0 0 2
0.504348 1 1.41 2.55 1.45 2.55 1.45 2.55 1.43 2.55 0 0 -1 -1
0.556522 0.778261 1.53 2.04 1.42 2.04 1.42 2.55 2.16 2.55 0 0 1 1
1 0.565217 2.55 1.55 1.51 1.55 1.51 2.55 1.5 2.55 0 0 1 1
0.573913 1 1.57 2.55 1.54 2.55 1.54 0.83 1.51 0.83 0 0 1 1
0.630435 0.826087 1.7 2.15 1.7 2.15 1.7 1.74 2.55 1.74 0 0 1 1
0.695652 0.756522 1.85 1.99 1.85 2.55 1.74 2.55 1.74 1.84 0 0 1 1
1 0.76087 2.55 2 2.55 1.99 1.85 1.99 1.85 1.99 0 0 0 1
0.621739 1 1.68 2.55 1.68 2.01 1.63 2.01 1.63 2.55 0 0 0 1
0.478261 0.817391 1.35 2.13 1.35 2.08 0.3 2.08 0.3 1.44 0 0 0 1
0.452174 0.752174 1.29 1.98 1.29 1.28 1.28 1.28 1.28 1.96 0 0 1 1
0.417391 1 1.21 2.55 2.14 2.55 2.14 2.06 2.55 2.06 0 0 0 1
0.343478 0.330435 1.04 1.01 1.05 1.01 1.05 2.55 1.09 2.55 0 0 0 1
0.221739 0.221739 0.76 0.76 0.81 0.76 0.81 0.92 0.85 0.92 0 0 0 1
0.226087 0.221739 0.77 0.76 0.71 0.76 0.71 2.11 0.74 2.11 0 0 1 1
0.23913 1 0.8 2.55 0.8 0.86 0.77 0.86 0.77 0.8 0 0 1 1
0.286957 0.286957 0.91 0.91 0.91 2.55 0.95 2.55 0.95 0.92 0 0 1 1
0.33913 0.817391 1.03 2.13 1.03 1.02 1.01 1.02 1.01 2.55 0 0 1 1
0.326087 0.286957 1 0.91 1 1 0.99 1 0.99 1.03 0 0 0 1
0 0.213043 0.25 0.74 0.25 0.72 0.73 0.72 0.73 0.85 0 0 0 1
0.117391 0.169565 0.52 0.64 0.56 0.64 0.56 0.62 0.71 0.62 1 0 0 1
0.0565217 0.591304 0.38 1.61 0.39 1.61 0.39 0.37 0.41 0.37 1 0 1 1
0.821739 0.578261 2.14 1.58 2.55 1.58 2.55 1.7 0.41 1.7 1 0 0 1
0.821739 0.0565217 2.14 0.38 0.821739 0.578261 2.14 1.58 2.55 1.58 1 0 0 2
0.369565 1 1.1 2.55 1.36 2.55 1.36 0.45 1.35 0.45 0 0 -1 -1
0.682609 0.76087 1.82 2 1.44 2 1.44 0.33 1.41 0.33 0 0 1 1
0.0304348 0.821739 0.32 2.14 0.32 2.12 0.32 2.12 0.32 2.55 0 0 1 1
0.534783 0.747826 1.48 1.97 1.48 1.27 1.52 1.27 1.52 1.54 0 0 0 1
0.430435 0.778261 1.24 2.04 1.24 1.26 1.37 1.26 1.37 0.97 0 0 0 1
0.378261 0.23913 1.12 0.8 1.12 1.12 0.91 1.12 0.91 1.52 0 0 1 1
0.356522 0.717391 1.07 1.9 1.08 1.9 1.08 2.09 1.1 2.09 0 0 0 1
0.0826087 0.291304 0.44 0.92 0.43 0.92 0.43 0.94 1.04 0.94 0 0 0 1
0.23913 0.704348 0.8 1.87 0.74 1.87 0.74 0.25 0.74 0.25 0 0 1 1
0.282609 0.278261 0.9 0.89 0.9 0.89 0.9 0.92 0.84 0.92 0 0 1 1
0.226087 0.582609 0.77 1.59 0.81 1.59 0.81 0.84 0.87 0.84 0 0 0 1
0.708696 0.247826 1.88 0.82 1.88 0.62 0.65 0.62 0.65 0.66 0 0 0 1
0 0.447826 0.25 1.28 0.25 0.51 0.46 0.51 0.46 0.59 0 0 1 1
0.113043 0.4 0.51 1.17 0.51 1.56 0.46 1.56 0.46 1.69 1 0 0 1
0.0173913 1 0.29 2.55 0.27 2.55 0.27 0.38 0.38 0.38 1 0 0 2
0.473913 0.0913043 1.34 0.46 1.34 0.46 1.34 0.46 1.34 1.33 0 0 -1 -1
0.382609 0.369565 1.13 1.1 1.13 1.24 1.24 1.24 1.24 1.25 0 0 0 1
0.36087 0.817391 1.08 2.13 1.03 2.13 1.03 1.05 1 1.05 0 0 1 1
0.395652 1 1.16 2.55 1.13 2.55 1.13 1.24 1.13 1.24 0 0 1 1
0.430435 1 1.24 2.55 1.2 2.55 1.2 1.35 1.32 1.35 0 0 1 1
0.417391 0.43913 1.21 1.26 1.21 1.26 1.21 2.1 2.55 2.1 0 0 0 1
0.408696 0.395652 1.19 1.16 1.11 1.16 1.11 2.55 1.84 2.55 0 0 1 1
0.391304 0.365217 1.15 1.09 1.15 1.91 1.13 1.91 1.13 1.14 0 0 0 1
0.347826 0.347826 1.05 1.05 1.05 1.05 0.98 1.05 0.98 1.06 0 0 1 1
0.313043 0.321739 0.97 0.99 0.97 0.99 1 0.99 1 1.01 0 0 0 1
0.234783 0.730435 0.79 1.93 0.79 0.73 0.81 0.73 0.81 0.82 0 0 0 1
0.204348 0.2 0.72 0.71 0.72 2.55 0.68 2.55 0.68 2.14 0 0 1 1
0.217391 0.804348 0.75 2.1 0.71 2.1 0.71 2.55 0.69 2.55 0 0 1 1
0.821739 0.213043 2.14 0.74 0.7 0.74 0.7 0.83 0.72 0.83 0 0 0 1
0.073913 0.0956522 0.42 0.47 0.51 0.47 0.51 0.52 0.53 0.52 1 0 0 1
0.0391304 0.821739 0.34 2.14 0.33 2.14 0.33 0.51 0.32 0.51 1 0 1 1
0.0956522 0.817391 0.47 2.13 0.47 0.45 0.38 0.45 0.38 2.55 1 0 1 1
0.0608696 1 0.39 2.55 0.39 2.16 0.38 2.16 0.38 0.66 1 0 0 1
0.0217391 0.769565 0.3 2.02 0.3 2.55 0.0608696 1 0.39 2.55 1 0 1 2
0.469565 0.465217 1.33 1.32 1.32 1.32 1.32 1.31 1.33 1.31 0 0 -1 -1
1 1 2.55 2.55 1.4 2.55 1.4 0.57 1.34 0.57 0 0 1 1
0.547826 0.565217 1.51 1.55 2.55 1.55 2.55 2.06 2.55 2.06 0 0 1 1
0.578261 1 1.58 2.55 1.25 2.55 1.25 1.56 1.6 1.56 0 0 1 1
0.817391 0.791304 2.13 2.07 1.7 2.07 1.7 2.55 1.68 2.55 0 0 1 1
0.626087 1 1.69 2.55 1.69 2.12 1.74 2.12 1.74 2 0 0 0 1
0.573913 1 1.57 2.55 1.57 2.55 1.59 2.55 1.59 2.55 0 0 1 1
0.547826 0.834783 1.51 2.17 1.51 2.55 1.57 2.55 1.57 2.55 0 0 0 1
0.5 1 1.4 2.55 1.4 2.55 2.14 2.55 2.14 1.98 0 0 0 1
0.356522 0.36087 1.07 1.08 1.08 1.08 1.08 1.12 1.15 1.12 0 0 0 1
0.273913 0.291304 0.88 0.92 0.87 0.92 0.87 0.91 0.92 0.91 0 0 0 1
0.273913 0.234783 0.88 0.79 2.55 0.79 2.55 0.77 2.07 0.77 0 0 1 1
0.186957 0.752174 0.68 1.98 0.74 1.98 0.74 0.78 0.78 0.78 0 0 0 1
0.073913 0.121739 0.42 0.53 2.55 0.53 2.55 2.15 0.54 2.15 1 0 0 1
0.0347826 0.830435 0.33 2.16 0.33 2.15 0.32 2.15 0.32 2.02 1 0 1 1
0.026087 0.730435 0.31 1.93 0.31 2.14 0.33 2.14 0.33 0.33 1 0 0 1
0.0304348 0.730435 0.32 1.93 0.026087 0.730435 0.31 1.93 0.31 2.14 1 0 1 2
0.486957 1 1.37 2.55 1.37 2.55 1.37 2.55 1.37 2.13 0 0 -1 -1
0.717391 0.526087 1.9 1.46 1.42 1.46 1.42 2.55 1.38 2.55 0 0 1 1
0.5 0.482609 1.4 1.36 2.55 1.36 2.55 1.77 1.4 1.77 0 0 0 1
0.352174 0.352174 1.06 1.06 2.09 1.06 2.09 1.12 1.13 1.12 0 0 0 1
1 0.782609 2.55 2.05 0.88 2.05 0.88 2.55 0.93 2.55 0 0 0 1
0.13913 1 0.57 2.55 0.6 2.55 0.6 0.63 0.68 0.63 0 0 0 1
0.0652174 1 0.4 2.55 0.4 0.38 2.55 0.38 2.55 0.45 1 0 0 1
0.830435 1 2.16 2.55 0.0652174 1 0.4 2.55 0.4 0.38 1 0 1 2
0.0913043 0.821739 0.46 2.14 0.31 2.14 0.31 2.16 1.3 2.16 0 0 -1 -1
0.46087 0.404348 1.31 1.18 1.24 1.18 1.24 1.23 0.68 1.23 0 0 0 1
0.230435 0.152174 0.78 0.6 0.78 0.8 0.61 0.8 0.61 0.69 0 0 1 1
0.134783 0.121739 0.56 0.53 0.56 0.51 0.38 0.51 0.38 0.45 0 0 0 1
0.308696 0.8 0.96 2.09 0.96 2.55 2.55 2.55 2.55 2.08 0 0 1 1
0 0.0869565 0.25 0.45 0.25 0.46 2.55 0.46 2.55 0.48 0 0 1 1
0.395652 1 1.16 2.55 1.16 0.36 1.16 0.36 1.16 2.12 0 0 1 1
0.0391304 0.108696 0.34 0.5 0.28 0.5 0.28 0.32 1.61 0.32 0 0 1 1
0.0304348 0.0652174 0.32 0.4 1.52 0.4 1.52 0.45 0.39 0.45 0 0 0 1
0.313043 0.791304 0.97 2.07 0.32 2.07 0.32 0.41 1.04 0.41 0 0 0 1
0 1 0.25 2.55 0.72 2.55 0.72 0.78 0.9 0.78 0 0 0 1
0.382609 0.113043 1.13 0.51 0.44 0.51 0.44 0.56 2.55 0.56 1 0 0 1
0.808696 0.0391304 2.11 0.34 2.11 2.03 0.4 2.03 0.4 2.55 1 0 0 2
0.473913 0.469565 1.34 1.33 1.34 1.33 1.34 1.33 1.34 1.33 0 0 -1 -1
0.526087 1 1.46 2.55 1.41 2.55 1.41 1.43 1.9 1.43 0 0 1 1
0.495652 1 1.39 2.55 1.39 2.55 1.4 2.55 1.4 1.96 0 0 0 1
0.408696 0.813043 1.19 2.12 1.19 2.55 1.2 2.55 1.2 1.19 0 0 1 1
0.191304 0.0565217 0.69 0.38 0.69 0.57 0.37 0.57 0.37 0.48 0 0 1 1
0.547826 0.0304348 1.51 0.32 1.51 0.5 0.48 0.5 0.48 0.57 0 0 1 1
0.582609 0.0434783 1.59 0.35 1.59 1.56 1.61 1.56 1.61 1.42 0 0 1 1
0.63913 0.582609 1.72 1.59 1.71 1.59 1.71 2.55 1.8 2.55 0 0 1 1
0.604348 0.8 1.64 2.09 1.74 2.09 1.74 1.74 1.73 1.74 0 0 0 1
0.591304 1 1.61 2.55 1.6 2.55 1.6 2.1 1.56 2.1 0 0 1 1
0.586956 0.213043 1.6 0.74 1.99 0.74 1.99 2.55 1.61 2.55 0 0 0 1
0.53913 0.552174 1.49 1.52 1.49 1.6 2.55 1.6 2.55 1.26 0 0 1 1
0.556522 0.565217 1.53 1.55 1.53 1.48 1.53 1.48 1.53 2.55 0 0 1 1
1 1 2.55 2.55 2.55 2.55 2.08 2.55 2.08 1.67 0 0 1 1
0.569565 0.726087 1.56 1.92 1.56 1.95 2.55 1.95 2.55 2.55 0 0 0 1
1 0.073913 2.55 0.42 2.55 0.67 1.34 0.67 1.34 2.55 0 0 0 1
0.430435 0.126087 1.24 0.54 1.24 0.54 1.24 2.15 1.25 2.15 0 0 1 1
0.343478 1 1.04 2.55 1.2 2.55 1.2 2.55 1.24 2.55 0 0 0 1
0.286957 0.0695652 0.91 0.41 0.98 0.41 0.98 2.55 0.34 2.55 0 0 0 1
0.269565 0.173913 0.87 0.65 0.89 0.65 0.89 0.84 0.79 0.84 0 0 1 1
0.252174 0.647826 0.83 1.74 0.89 1.74 0.89 1.14 0.99 1.14 0 0 0 1
0.221739 0.221739 0.76 0.76 0.74 0.76 0.74 0.73 0.7 0.73 0 0 1 1
0.304348 0.286957 0.95 0.91 0.85 0.91 0.85 0.88 0.83 0.88 0 0 1 1
0.26087 0.26087 0.85 0.85 0.85 1.42 0.93 1.42 0.93 1.72 0 0 0 1
0.178261 0.756522 0.66 1.99 0.66 1.87 0.65 1.87 0.65 2.03 0 0 0 1
0.113043 0.0869565 0.51 0.45 0.51 0.51 0.54 0.51 0.54 1.99 1 0 0 2
0.486957 0.495652 1.37 1.39 1.37 1.39 1.37 1.22 1.37 1.22 0 0 -1 -1
0.473913 0.486957 1.34 1.37 1.35 1.37 1.35 1.22 1.34 1.22 0 0 1 1
0.491304 0.365217 1.38 1.09 0.41 1.09 0.41 1.46 1.39 1.46 0 0 1 1
0.356522 0.417391 1.07 1.21 1.07 0.99 1.08 0.99 1.08 0.61 0 0 1 1
0.486957 0.217391 1.37 0.75 1.37 0.75 1.56 0.75 1.56 0.61 0 0 1 1
0.143478 0.365217 0.58 1.09 0.58 1.09 0.56 1.09 0.56 1.15 0 0 0 1
0.378261 0.630435 1.12 1.7 1.12 1.18 0.45 1.18 0.45 1.88 0 0 1 1
0.0304348 0.434783 0.32 1.25 0.32 0.33 1.21 0.33 1.21 1.13 0 0 1 1
0.447826 0.708696 1.28 1.88 1.25 1.88 1.25 2.06 0.38 2.06 0 0 1 1
0.395652 0.382609 1.16 1.13 0.66 1.13 0.66 0.96 0.37 0.96 0 0 1 1
0.834783 0.404348 2.17 1.18 0.32 1.18 0.32 1.26 0.54 1.26 0 0 1 1
0.321739 0.408696 0.99 1.19 1.03 1.19 1.03 1.36 0.48 1.36 0 0 0 1
0.326087 0.026087 1 0.31 1 2.55 0.32 2.55 0.32 0.93 0 0 1 1
0.356522 0.369565 1.07 1.1 1.07 0.49 1.01 0.49 1.01 0.38 0 0 1 1
0.330435 0.408696 1.01 1.19 1.01 1.19 1.05 1.19 1.05 1.01 0 0 1 1
0.0608696 0.721739 0.39 1.91 0.39 1.19 0.55 1.19 0.55 1.82 0 0 1 1
0.721739 0.465217 1.91 1.32 1.91 1.19 1.02 1.19 1.02 1.14 0 0 1 1
0.291304 0.36087 0.92 1.08 1.74 1.08 1.74 1.27 1.75 1.27 0 0 0 1
0.578261 0.343478 1.58 1.04 2.09 1.04 2.09 1.8 2.15 1.8 0 0 0 1
0.0695652 0.478261 0.41 1.35 2.02 1.35 2.02 1.91 0.48 1.91 1 0 0 1
0.00434782 1 0.26 2.55 2.55 2.55 2.55 1.41 2.55 1.41 1 0 0 2
0.469565 0.834783 1.33 2.17 1.33 2.16 1.33 2.16 1.33 1.4 0 0 -1 -1
0.46087 0.786957 1.31 2.06 1.31 1.8 1.31 1.8 1.31 2.01 0 0 1 1
0.534783 0.756522 1.48 1.99 1.48 1.96 1.38 1.96 1.38 1.83 0 0 1 1
0.513043 0.530435 1.43 1.47 1.43 1.99 2.55 1.99 2.55 1.59 0 0 1 1
0.452174 1 1.29 2.55 1.39 2.55 1.39 2.55 1.41 2.55 0 0 0 1
0.382609 1 1.13 2.55 1.1 2.55 1.1 2.55 1.11 2.55 0 0 1 1
0.347826 0.521739 1.05 1.45 1.04 1.45 1.04 1.48 1.08 1.48 0 0 0 1
0.278261 0.365217 0.89 1.09 0.88 1.09 0.88 1.16 0.89 1.16 0 0 1 1
0.265217 0.230435 0.86 0.78 0.86 2.55 1.14 2.55 1.14 1.87 0 0 0 1
0.16087 1 0.62 2.55 0.62 0.41 0.48 0.41 0.48 2.55 0 0 1 1
0.152174 0.213043 0.6 0.74 0.6 0.73 0.71 0.73 0.71 0.71 0 0 1 1
0.713043 0.769565 1.89 2.02 1.89 1.92 0.8 1.92 0.8 1.96 0 0 1 1
0.169565 0.0304348 0.64 0.32 0.64 0.68 0.7 0.68 0.7 2.1 0 0 0 1
0.108696 0.208696 0.5 0.73 0.51 0.73 0.51 0.66 0.59 0.66 0 0 1 1
0.121739 0.36087 0.53 1.08 0.49 1.08 0.49 2.08 0.45 2.08 1 0 1 1
0.16087 0.491304 0.62 1.38 0.57 1.38 0.57 0.7 0.65 0.7 0 0 1 1
0.0869565 1 0.45 2.55 0.46 2.55 0.46 2.15 2.55 2.15 1 0 0 1
0.121739 0.113043 0.53 0.51 0.53 0.32 0.37 0.32 0.37 0.55 1 0 1 1
0.0521739 0.13913 0.37 0.57 0.37 0.32 0.39 0.32 0.39 2.16 1 0 1 1
0.756522 0.530435 1.99 1.47 1.99 1.47 0.4 1.47 0.4 0.72 1 0 0 1
0.0304348 1 0.32 2.55 0.39 2.55 0.39 2.12 0.31 2.12 1 0 0 2
0.726087 0.508696 1.92 1.42 1.92 1.42 1.92 1.43 1.8 1.43 0 0 -1 -1
0.491304 0.626087 1.38 1.69 1.39 1.69 1.39 1.35 2.55 1.35 0 0 1 1
0.426087 1 1.23 2.55 1.31 2.55 1.31 1.8 1.3 1.8 0 0 0 1
1 0.404348 2.55 1.18 0.9 1.18 0.9 1.1 1.19 1.1 0 0 1 1
0.391304 0.813043 1.15 2.12 1.15 1.15 1.12 1.15 1.12 1.22 0 0 1 1
0.708696 0.621739 1.88 1.68 1.88 2.01 1.14 2.01 1.14 2.55 0 0 0 1
1 1 2.55 2.55 2.55 2.55 2.55 2.55 2.55 1 0 0 1 1
0.321739 0.286957 0.99 0.91 0.99 0.94 0.98 0.94 0.98 1 0 0 0 1
0.152174 0.165217 0.6 0.63 2.55 0.63 2.55 0.7 0.71 0.7 0 0 0 1
0.0913043 0.726087 0.46 1.92 0.44 1.92 0.44 0.54 0.45 0.54 0 0 1 1
0.104348 1 0.49 2.55 0.55 2.55 0.55 2.55 0.43 2.55 1 0 1 1
1 1 2.55 2.55 0.51 2.55 0.51 2.04 0.51 2.04 0 0 1 1
0.16087 0.173913 0.62 0.65 0.58 0.65 0.58 2.55 0.56 2.55 0 0 1 1
0.221739 0.791304 0.76 2.07 0.76 2.07 2.55 2.07 2.55 2.55 0 0 1 1
0.230435 0.765217 0.78 2.01 0.78 0.6 0.77 0.6 0.77 0.79 0 0 1 1
1 0.230435 2.55 0.78 2.55 0.65 0.59 0.65 0.59 1.98 0 0 0 1
0.0956522 0.813043 0.47 2.12 0.47 2.55 0.45 2.55 0.45 2.03 1 0 1 1
0.586956 0.278261 1.6 0.89 0.37 0.89 0.37 0.51 0.42 0.51 1 0 0 1
0.791304 0.0652174 2.07 0.4 2.07 1.55 1.6 1.55 0.586956 0.278261 1 0 1 2
1 1 2.55 2.55 2.55 2.55 2.55 2.55 2.55 2.55 0 0 -1 -1
0.495652 1 1.39 2.55 1.39 2.55 1.39 2.55 1.39 1.95 0 0 1 1
0.508696 0.765217 1.42 2.01 1.42 1.52 1.38 1.52 1.38 2.12 0 0 1 1
0.465217 1 1.32 2.55 2.55 2.55 2.55 2.55 1.45 2.55 0 0 0 1
1 1 2.55 2.55 2.55 2.55 2.55 2.03 1.11 2.03 0 0 0 1
1 0.23913 2.55 0.8 0.8 0.8 0.8 0.84 0.86 0.84 0 0 0 1
0.786957 0.178261 2.06 0.66 0.62 0.66 0.62 0.65 2.55 0.65 0 0 1 1
0.173913 0.2 0.65 0.71 0.65 0.7 2.55 0.7 2.55 2.09 0 0 1 1
0.156522 0.808696 0.61 2.11 0.61 2.03 0.68 2.03 0.68 1.93 0 0 0 1
0.026087 0.113043 0.31 0.51 0.31 2.1 0.38 2.1 0.38 0.42 1 0 0 1
0.786957 1 2.06 2.55 2.06 0.31 0.31 0.31 0.31 0.51 1 0 0 2
0.504348 1 1.41 2.55 1.41 2.55 1.42 2.55 1.42 2.55 0 0 -1 -1
1 1 2.55 2.55 2.55 2.55 1.44 2.55 1.44 1.51 0 0 1 1
0.46087 1 1.31 2.55 1.4 2.55 1.4 2.55 1.49 2.55 0 0 0 1
0.395652 0.434783 1.16 1.25 1.16 1.25 1.16 2.55 1.28 2.55 0 0 1 1
0.413043 0.817391 1.2 2.13 1.19 2.13 1.19 1.25 1.18 1.25 0 0 1 1
0.36087 0.382609 1.08 1.13 1.12 1.13 1.12 1.2 1.14 1.2 0 0 0 1
0.304348 1 0.95 2.55 0.95 0.94 0.98 0.94 0.98 1.09 0 0 1 1
0.321739 0.778261 0.99 2.04 0.99 1.02 0.97 1.02 0.97 2.08 0 0 1 1
0.304348 1 0.95 2.55 0.95 0.98 0.97 0.98 0.97 1.03 0 0 0 1
0.178261 1 0.66 2.55 0.66 2 2.55 2 2.55 2.55 0 0 0 1
0.130435 0.130435 0.55 0.55 0.55 1 0.59 1 0.59 2.55 0 0 1 1
1 0.147826 2.55 0.59 0.51 0.59 0.51 2.06 0.52 2.06 1 0 0 1
0 0.695652 0.25 1.85 0.31 1.85 0.31 2.16 0.38 2.16 1 0 0 2
0.482609 1 1.36 2.55 1.36 1.16 2.55 1.16 2.55 1.35 0 0 -1 -1
0.482609 0.5 1.36 1.4 1.36 1.37 2.55 1.37 2.55 2.55 0 0 1 1
0.8 1 2.09 2.55 2.09 1.36 1.34 1.36 1.34 2.55 0 0 0 1
0.378261 0.243478 1.12 0.81 1.12 0.81 1.12 2.55 1.15 2.55 0 0 1 1
0.334783 0.33913 1.02 1.03 1.06 1.03 1.06 2.06 1.1 2.06 0 0 0 1
0.226087 0.230435 0.77 0.78 2.13 0.78 2.13 1.48 0.85 1.48 0 0 0 1
0.130435 0.669565 0.55 1.79 0.57 1.79 0.57 2.04 0.69 2.04 1 0 0 1
0.00434782 0.495652 0.26 1.39 0.26 0.32 0.33 0.32 0.33 0.74 1 0 0 2
0.0565217 0.152174 0.38 0.6 0.38 1.39 1.48 1.39 1.48 1.39 0 0 -1 -1
0.530435 0.130435 1.47 0.55 1.47 1.16 2.55 1.16 2.55 1.38 0 0 1 1
0.13913 0.713043 0.57 1.89 0.57 0.5 0.39 0.5 0.39 0.58 0 0 1 1
0.452174 0.443478 1.29 1.27 1.29 1.35 2.55 1.35 2.55 1.34 0 0 0 1
0.391304 0.382609 1.15 1.13 1.14 1.13 1.14 1.23 1.15 1.23 0 0 1 1
0.343478 0.347826 1.04 1.05 1.05 1.05 1.05 2.12 1.07 2.12 0 0 0 1
0.334783 1 1.02 2.55 2.55 2.55 2.55 2.55 2.55 2.55 0 0 1 1
0.265217 0.278261 0.86 0.89 2.07 0.89 2.07 2.1 0.95 2.1 0 0 0 1
0.195652 0.213043 0.7 0.74 0.71 0.74 0.71 0.74 0.74 0.74 0 0 1 1
0.143478 0.165217 0.58 0.63 0.58 0.64 0.58 0.64 0.58 0.69 0 0 0 1
0.1 0.473913 0.48 1.34 0.48 0.45 0.43 0.45 0.43 0.45 1 0 1 1
0.6 0.747826 1.63 1.97 1.63 2.07 0.25 2.07 0.25 0.45 1 0 0 1
0 0.747826 0.25 1.97 0.6 0.747826 1.63 1.97 1.63 2.07 1 0 0 2
0.486957 1 1.37 2.55 1.37 2.55 1.38 2.55 1.38 1.43 0 0 -1 -1
0.495652 0.495652 1.39 1.39 1.39 1.38 1.89 1.38 1.89 2 0 0 1 1
0.547826 0.817391 1.51 2.13 1.51 2.06 1.42 2.06 1.42 2.55 0 0 1 1
1 0.543478 2.55 1.5 1.48 1.5 1.48 2.55 1.42 2.55 0 0 1 1
0.547826 0.8 1.51 2.09 1.51 2.09 1.51 2.02 1.52 2.02 0 0 1 1
0.817391 1 2.13 2.55 2.08 2.55 2.08 2.12 1.34 2.12 0 0 0 1
0.326087 1 1 2.55 0.45 2.55 0.45 0.39 1.24 0.39 0 0 1 1
0.73913 0.252174 1.95 0.83 1.17 0.83 1.17 0.84 1.11 0.84 0 0 0 1
0.256522 0.786957 0.84 2.06 0.84 0.87 0.91 0.87 0.91 1.01 0 0 0 1
0.126087 0.826087 0.54 2.15 0.54 2.06 1.42 2.06 1.42 0.65 0 0 0 1
0.026087 0.591304 0.31 1.61 0.31 0.69 0.31 0.69 0.31 2.55 1 0 1 1
1 1 2.55 2.55 0.25 2.55 0.25 2.55 0.31 2.55 1 0 0 2
0 0.313043 0.25 0.97 0.25 1.49 0.88 1.49 0.88 0.96 0 0 -1 -1
0.073913 1 0.42 2.55 0.42 1.44 2.55 1.44 2.55 2.55 0 0 1 1
0.0565217 1 0.38 2.55 0.38 2.11 0.55 2.11 0.55 2.55 0 0 1 1
0.534783 0.817391 1.48 2.13 1.48 0.97 1.03 0.97 1.03 1.27 0 0 1 1
1 1 2.55 2.55 2.55 2.55 2.55 2.55 2.55 1.52 0 0 0 1
1 0.743478 2.55 1.96 2.55 1.96 2.55 2.13 2.09 2.13 0 0 0 1
1 0.291304 2.55 0.92 2.15 0.92 2.15 1.2 0.86 1.2 0 0 1 1
1 0.786957 2.55 2.06 2.55 2.06 2.55 2.55 0.96 2.55 0 0 1 1
1 0.804348 2.55 2.1 0.75 2.1 0.75 2.55 0.8 2.55 0 0 0 1
0.0608696 0.704348 0.39 1.87 0.46 1.87 0.46 1.9 0.52 1.9 0 0 0 1
0.8 0.591304 2.09 1.61 2.09 1.67 0.32 1.67 0.32 2.04 1 0 0 2
1 0.486957 2.55 1.37 1.36 1.37 1.36 1.37 2.55 1.37 0 0 -1 -1
0.408696 0.408696 1.19 1.19 2.55 1.19 2.55 2.15 1.27 2.15 0 0 0 1
0.313043 1 0.97 2.55 0.97 2.55 1 2.55 1 2.11 0 0 1 1
1 0.817391 2.55 2.13 2.55 1.03 1 1.03 1 1.94 0 0 1 1
0.286957 0.782609 0.91 2.05 0.91 2.16 1 2.16 1 1.02 0 0 1 1
0.204348 0.778261 0.72 2.04 0.72 0.82 2.55 0.82 2.55 2.06 0 0 0 1
0.0478261 0.113043 0.36 0.51 0.45 0.51 0.45 0.53 0.49 0.53 1 0 0 1
0.00434782 1 0.26 2.55 2.05 2.55 2.05 0.38 0.36 0.38 1 0 0 2
0.504348 0.482609 1.41 1.36 1.41 1.36 1.41 1.35 1.41 1.35 0 0 -1 -1
0.452174 1 1.29 2.55 1.31 2.55 1.31 1.96 1.36 1.96 0 0 1 1
0.369565 0.8 1.1 2.09 2.55 2.09 2.55 2.55 2.55 2.55 0 0 0 1
0.243478 0.834783 0.81 2.17 0.82 2.17 0.82 0.87 0.88 0.87 0 0 0 1
0.152174 1 0.6 2.55 0.65 2.55 0.65 2.1 0.69 2.1 0 0 1 1
0.113043 1 0.51 2.55 0.51 2.05 1.96 2.05 1.96 2.06 1 0 0 1
0.0347826 0.791304 0.33 2.07 0.33 2.14 0.35 2.14 0.35 2.55 1 0 0 2
0.465217 0.495652 1.32 1.39 1.32 1.4 2.55 1.4 2.55 1.39 0 0 -1 -1
0.413043 0.382609 1.2 1.13 1.2 1.25 1.31 1.25 1.31 1.34 0 0 0 1
0.295652 0.278261 0.93 0.89 0.93 0.98 1.06 0.98 1.06 2.55 0 0 0 1
1 0.704348 2.55 1.87 2.55 2.55 0.69 2.55 0.69 2.1 0 0 0 1
0.0304348 0.0521739 0.32 0.37 0.32 2.12 0.4 2.12 0.4 0.58 1 0 0 2
0.491304 0.5 1.38 1.4 1.37 1.4 1.37 1.43 1.37 1.43 0 0 -1 -1
0.391304 0.382609 1.15 1.13 1.15 2.55 1.24 2.55 1.24 2 0 0 0 1
0.252174 0.834783 0.83 2.17 0.83 0.89 0.92 0.89 0.92 0.92 0 0 0 1
0.165217 0.821739 0.63 2.14 0.63 2.55 0.62 2.55 0.62 2.1 0 0 1 1
0.121739 0.786957 0.53 2.06 0.53 2.01 0.48 2.01 0.48 1.42 1 0 0 1
0.00869564 0.552174 0.27 1.52 0.27 2.06 0.39 2.06 0.39 2.06 1 0 0 2
0.482609 0.473913 1.36 1.34 1.35 1.34 1.35 1.34 1.36 1.34 0 0 -1 -1
0.495652 1 1.39 2.55 1.39 2.55 2.09 2.55 2.09 2.14 0 0 1 1
0.373913 0.395652 1.11 1.16 1.11 1.13 1.18 1.13 1.18 1.23 0 0 0 1
0.343478 0.282609 1.04 0.9 1.04 2.55 2.15 2.55 2.15 0.98 0 0 1 1
0.256522 0.256522 0.84 0.84 0.84 0.87 0.86 0.87 0.86 0.89 0 0 1 1
0.178261 0.817391 0.66 2.13 0.66 0.71 0.7 0.71 0.7 0.8 0 0 0 1
0.113043 1 0.51 2.55 2.55 2.55 2.55 0.51 0.55 0.51 0 0 1 1
0 1 0.25 2.55 0.41 2.55 0.41 1.96 0.38 1.96 1 0 0 1
0 1 0 1 0.25 2.55 0.41 2.55 0.41 1.96 1 0 1 2
0.478261 0.482609 1.35 1.36 1.36 1.36 1.36 1.37 1.37 1.37 0 0 -1 -1
0.395652 0.408696 1.16 1.19 1.23 1.19 1.23 2.11 1.2 2.11 0 0 0 1
0.0869565 0.26087 0.45 0.85 0.45 0.91 0.5 0.91 0.5 0.96 0 0 0 1
0.152174 1 0.6 2.55 0.6 0.68 0.67 0.68 0.67 1.53 0 0 0 1
0.0913043 0.534783 0.46 1.48 0.46 0.47 0.49 0.47 0.49 1.94 1 0 1 1
0.0565217 0.0695652 0.38 0.41 0.38 2.55 0.4 2.55 0.4 0.97 1 0 1 1
0.0521739 0.826087 0.37 2.15 0.37 2.13 2.06 2.13 2.06 2.55 1 0 1 1
0.0304348 0.804348 0.32 2.1 0.31 2.1 0.31 2.02 0.31 2.02 1 0 1 1
0 0.7 0.25 1.86 0.26 1.86 0.26 0.32 1.07 0.32 1 0 1 1
0.830435 0.391304 2.16 1.15 0.53 1.15 0.53 0.31 2.08 0.31 1 0 1 1
0.786957 0.717391 2.06 1.9 2.06 0.32 2.13 0.32 2.13 2.04 1 0 0 2
0.443478 1 1.27 2.55 1.29 2.55 1.29 2.03 1.4 2.03 0 0 -1 -1
0.395652 0.53913 1.16 1.49 1.45 1.49 1.45 0.33 1.4 0.33 0 0 1 1
1 0.4 2.55 1.17 1.31 1.17 1.31 1.19 1.27 1.19 0 0 1 1
0 1 0.25 2.55 0.25 1.28 1.32 1.28 1.32 2.55 0 0 1 1
0.391304 0.730435 1.15 1.93 1.15 1.17 1.17 1.17 1.17 2.55 0 0 1 1
0.317391 0.804348 0.98 2.1 0.98 2.11 1.06 2.11 1.06 2.11 0 0 0 1
0.191304 0.213043 0.69 0.74 0.69 2.01 0.77 2.01 0.77 2.55 0 0 0 1
0.156522 0.808696 0.61 2.11 0.61 2.55 0.3 2.55 0.3 2.55 0 0 1 1
0.0956522 1 0.47 2.55 0.55 2.55 0.55 2.06 0.47 2.06 0 0 1 1
0.0956522 1 0.47 2.55 0.49 2.55 0.49 2.14 0.51 2.14 0 0 1 1
0.0565217 1 0.38 2.55 0.44 2.55 0.44 1.93 0.41 1.93 0 0 1 1
0.0304348 0.504348 0.32 1.41 0.35 1.41 0.35 1.18 0.41 1.18 0 0 1 1
0.026087 0.76087 0.31 2 0.31 0.56 0.34 0.56 0.34 2.17 0 0 1 1
0.0434783 1 0.35 2.55 0.35 2.13 0.32 2.13 0.32 1.66 0 0 1 1
0.708696 0.734783 1.88 1.94 1.88 2.08 1.8 2.08 1.8 2.55 1 0 1 1
0.73913 1 1.95 2.55 1.95 2.14 2.55 2.14 2.55 1.94 1 0 0 2
0.491304 0.53913 1.38 1.49 1.38 2.55 1.39 2.55 1.39 1.42 0 0 -1 -1
1 0.491304 2.55 1.38 2.55 2.02 2.55 2.02 2.55 1.41 0 0 1 1
0.369565 0.369565 1.1 1.1 1.1 1.15 1.38 1.15 1.38 1.22 0 0 0 1
0.269565 0.252174 0.87 0.83 0.93 0.83 0.93 2.09 2.55 2.09 0 0 0 1
0.0826087 1 0.44 2.55 0.51 2.55 0.51 0.58 0.57 0.58 1 0 0 1
1 0.0565217 2.55 0.38 0.32 0.38 0.32 2.09 0.29 2.09 1 0 1 1
1 1 2.55 2.55 2.55 2.14 2.55 2.14 2.55 1.76 1 0 0 2
0.508696 1 1.42 2.55 1.42 2.55 2.13 2.55 2.13 2.55 0 0 -1 -1
0.469565 0.46087 1.33 1.31 1.33 2.02 1.36 2.02 1.36 2.55 0 0 1 1
0.356522 0.434783 1.07 1.25 2.55 1.25 2.55 1.25 1.21 1.25 0 0 0 1
0.282609 0.291304 0.9 0.92 0.57 0.92 0.57 2.55 0.93 2.55 0 0 1 1
0.234783 0.247826 0.79 0.82 0.85 0.82 0.85 0.83 0.31 0.83 0 0 1 1
0 0.786957 0.25 2.06 0.67 2.06 0.67 1.93 0.25 1.93 0 0 0 1
0.143478 0.817391 0.58 2.13 0.44 2.13 0.44 2 0.39 2 0 0 1 1
0.0869565 0.0608696 0.45 0.39 0.45 2.55 0.58 2.55 0.58 1.93 0 0 1 1
0.0391304 0.786957 0.34 2.06 0.34 1.95 0.35 1.95 0.35 2.09 1 0 1 1
0.0695652 0.756522 0.41 1.99 0.41 2.08 0.31 2.08 0.31 0.4 1 0 0 2
1 0.0782609 2.55 0.43 2.55 0.46 1.1 0.46 1.1 0.74 0 0 -1 -1
0.391304 0.365217 1.15 1.09 1.15 0.78 0.59 0.78 0.59 1.81 0 0 0 1
0.326087 0.291304 1 0.92 1 0.77 0.98 0.77 0.98 0.82 0 0 1 1
0.265217 0.247826 0.86 0.82 0.86 0.85 0.93 0.85 0.93 2.13 0 0 0 1
0.16087 0.730435 0.62 1.93 0.64 1.93 0.64 0.31 0.66 0.31 0 0 1 1
0.0173913 0.0869565 0.29 0.45 0.49 0.45 0.49 0.53 0.58 0.53 1 0 0 1
0.00434782 0.0521739 0.26 0.37 0.35 0.37 0.35 0.31 0.53 0.31 1 0 1 1
0.669565 0.178261 1.79 0.66 0.38 0.66 0.38 2.03 0.6 2.03 1 0 1 1
0.669565 0.23913 1.79 0.8 0.669565 0.178261 1.79 0.66 0.38 0.66 1 0 0 2
1 1 2.55 2.55 2.55 2.55 2.55 2.55 2.55 2.55 0 0 -1 -1
0.417391 1 1.21 2.55 1.29 2.55 1.29 1.3 1.32 1.3 0 0 0 1
0.291304 0.282609 0.92 0.9 2.55 0.9 2.55 2.17 0.61 2.17 0 0 0 1
1 0.143478 2.55 0.58 2.55 1.42 2.13 1.42 2.13 0.71 0 0 0 1
0.0565217 0.304348 0.38 0.95 0.38 1.37 0.45 1.37 0.45 0.39 1 0 1 1
0.0217391 0.343478 0.3 1.04 0.3 1.63 0.35 1.63 0.35 0.47 1 0 1 1
0.00434782 0.46087 0.26 1.31 0.26 0.46 0.26 0.46 0.26 0.89 1 0 1 1
0.395652 0.143478 1.15 0.58 1.15 0.28 2 0.28 2 0.98 1 0 1 2
0.513043 1 1.43 2.55 1.43 2.01 2.55 2.01 2.55 1.92 0 0 -1 -1
0.456522 0.443478 1.3 1.27 1.3 1.33 2.55 1.33 2.55 1.33 0 0 1 1
0.421739 1 1.22 2.55 2.55 2.55 2.55 2.14 2.55 2.14 0 0 1 1
0.4 1 1.17 2.55 1.17 2.55 1.17 2.55 1.2 2.55 0 0 1 1
0.391304 1 1.15 2.55 1.15 2.55 1.15 2.55 1.15 2.55 0 0 1 1
0.365217 1 1.09 2.55 2.55 2.55 2.55 1.22 1.09 1.22 0 0 1 1
0.343478 1 1.04 2.55 1.15 2.55 1.15 2.17 1.07 2.17 0 0 1 1
0.286957 0.269565 0.91 0.87 0.91 0.93 2.55 0.93 2.55 2.13 0 0 0 1
1 0.204348 2.55 0.72 2.55 0.84 0.81 0.84 0.81 0.73 0 0 1 1
0.2 0.782609 0.71 2.05 0.71 0.77 0.69 0.77 0.69 0.72 0 0 1 1
0.186957 1 0.68 2.55 0.68 2.14 0.67 2.14 0.67 2.55 0 0 1 1
0.191304 1 0.69 2.55 0.65 2.55 0.65 2.07 0.65 2.07 0 0 1 1
0.195652 1 0.7 2.55 0.64 2.55 0.64 2.55 0.76 2.55 0 0 1 1
0.113043 0.752174 0.51 1.98 0.54 1.98 0.54 2.55 0.59 2.55 0 0 1 1
0.0652174 0.76087 0.4 2 0.42 2 0.42 2.55 0.5 2.55 0 0 1 1
0.0869565 1 0.45 2.55 0.47 2.55 0.47 2.14 0.38 2.14 0 0 1 1
0.0565217 0.834783 0.38 2.02 2.14 2.02 2.14 2.04 1.84 2.04 1 0 0 2
0.482609 0.482609 1.36 1.36 1.36 1.37 1.36 1.37 1.36 1.12 0 0 -1 -1
0.578261 0.595652 1.58 1.62 1.58 1.23 1.26 1.23 1.26 1.9 0 0 0 1
0.278261 0.143478 0.89 0.58 0.89 0.85 0.89 0.85 0.89 0.94 0 0 0 1
0.165217 0.126087 0.63 0.54 0.63 0.65 0.67 0.65 0.67 0.36 0 0 1 1
0.0869565 0.586956 0.45 1.6 0.49 1.6 0.49 1.69 0.57 1.69 0 0 0 1
0.0130435 0.226087 0.28 0.77 0.28 0.46 0.41 0.46 0.41 1.93 1 0 0 2
0.53913 0.530435 1.49 1.47 1.49 1.46 1.51 1.46 1.51 1.46 0 0 -1 -1
0.469565 0.469565 1.33 1.33 1.33 2.55 1.4 2.55 1.4 1.4 0 0 1 1
0.291304 0.347826 0.92 1.05 0.92 2.55 0.89 2.55 0.89 2.55 0 0 0 1
0.169565 0.6 0.64 1.63 0.7 1.63 0.7 2.13 1.77 2.13 0 0 0 1
0.0565217 0.730435 0.38 1.93 0.38 1.93 0.38 2.12 0.44 2.12 1 0 0 2
0.417391 0.334783 1.21 1.02 1.21 1.02 1.21 0.81 1.19 0.81 0 0 -1 -1
0.352174 0.286957 1.06 0.91 1.11 0.91 1.11 0.8 1.19 0.8 0 0 0 1
0.273913 0.226087 0.88 0.77 2.55 0.77 2.55 0.58 2.55 0.58 0 0 1 1
0.152174 0.208696 0.6 0.73 0.63 0.73 0.63 1.85 0.69 1.85 0 0 0 1
0 0.43913 0.25 1.26 0.4 1.26 0.4 2.55 0.44 2.55 1 0 1 1
0.026087 0.6 0.31 1.63 0.25 1.63 0 0.43913 0.25 1.26 1 0 0 2
0.821739 0.613043 2.14 1.66 2.14 0.54 1.26 0.54 1.26 0.48 0 0 -1 -1
0.330435 0.0304348 1.01 0.32 1.01 1.92 1.14 1.92 1.14 1.44 0 0 0 1
0.208696 0.208696 0.73 0.73 0.73 1.07 0.73 1.07 0.73 0.79 0 0 1 1
0.16087 0.208696 0.62 0.73 0.62 1.18 0.65 1.18 0.65 0.68 0 0 0 1
0.0347826 0.0565217 0.33 0.38 0.4 0.38 0.4 1.69 0.44 1.69 1 0 0 2
0.465217 0.465217 1.32 1.32 1.32 1.33 1.32 1.33 1.32 1.34 0 0 -1 -1
0.643478 0.369565 1.73 1.1 1.19 1.1 1.19 1.18 1.24 1.18 0 0 0 1
1 0.834783 2.55 2.17 1.08 2.17 1.08 1.89 0.92 1.89 0 0 1 1
1 0.5 2.55 1.4 1.02 1.4 1.02 1.33 0.96 1.33 0 0 1 1
0.234783 0.291304 0.79 0.92 2.1 0.92 2.1 0.93 2.16 0.93 0 0 0 1
0.208696 1 0.73 2.55 0.67 2.55 0.67 2.07 0.69 2.07 0 0 1 1
0.791304 0.230435 2.07 0.78 0.58 0.78 0.58 2.12 0.64 2.12 0 0 0 1
0.0521739 0.795652 0.37 2.08 0.37 2.09 0.45 2.09 0.45 2.55 1 0 0 1
0.0521739 0.0869565 0.37 2.08 0.0521739 0.795652 0.37 2.08 0.37 2.09 1 0 0 2
0.473913 0.217391 1.34 0.75 1.34 0.83 1.35 0.83 1.35 2.55 0 0 -1 -1
0.352174 0.195652 1.06 0.7 1.06 0.91 0.8 0.91 0.8 2.55 0 0 0 1
0.16087 0.156522 0.62 0.61 0.97 0.61 0.97 0.35 1.02 0.35 0 0 0 1
0.256522 0.0695652 0.84 0.41 0.84 0.41 0.84 0.46 0.84 0.46 0 0 1 1
0.517391 1 1.44 2.55 0.78 2.55 0.78 0.37 0.83 0.37 0 0 0 1
0.191304 0.2 0.69 0.71 0.66 0.71 0.66 0.77 0.73 0.77 0 0 1 1
0.473913 0.208696 1.34 0.73 1.34 2.12 0.54 2.12 0.54 1.97 0 0 1 1
0.121739 0.365217 0.53 1.09 0.53 0.78 0.75 0.78 0.75 2.16 0 0 1 1
0.156522 0.147826 0.61 0.59 0.61 0.66 0.55 0.66 0.55 2.08 0 0 0 1
0.143478 0.817391 0.58 2.13 0.58 1.96 0.41 1.96 0.41 2.14 0 0 1 1
0.13913 1 0.57 2.55 0.57 2.06 0.55 2.06 0.55 1.79 0 0 1 1
0.156522 0.817391 0.61 2.13 0.59 2.13 0.59 2.08 1.67 2.08 0 0 1 1
0.143478 0.786957 0.58 2.06 0.58 2.06 0.58 2.55 0.7 2.55 0 0 1 1
0.073913 1 0.42 2.55 0.47 2.55 0.47 2.13 0.61 2.13 0 0 0 1
0.726087 0.756522 1.92 1.99 0.59 1.99 0.59 2.05 1.47 2.05 1 0 1 1
0.726087 0.756522 0.726087 0.756522 1.92 1.99 0.59 1.99 0.59 2.05 1 0 1 2
0.465217 0.0695652 1.32 0.41 1.32 0.58 0.64 0.58 0.64 0.61 0 0 -1 -1
0.73913 0.821739 1.95 2.14 1.95 0.57 1.3 0.57 1.3 0.62 0 0 1 1
0.408696 0.413043 1.19 1.2 1.19 0.94 1.39 0.94 1.39 1.46 0 0 0 1
0.286957 0.0695652 0.91 0.41 0.91 1.67 1.06 1.67 1.06 0.98 0 0 0 1
0.2 0.8 0.71 2.09 0.73 2.09 0.73 0.74 0.77 0.74 0 0 0 1
0.573913 0.652174 1.57 1.75 0.5 1.75 0.5 0.52 0.53 0.52 1 0 1 1
0.0434783 0.0869565 0.35 0.45 0.59 0.45 0.59 1.68 0.46 1.68 1 0 0 1
0.0434783 0.66087 0.35 1.77 0.0434783 0.0869565 0.35 0.45 0.59 0.45 1 0 0 2
0.495652 0.482609 1.39 1.36 1.39 1.36 2.55 1.36 2.55 1.35 0 0 -1 -1
0.478261 0.517391 1.35 1.44 1.35 1.39 1.41 1.39 1.41 1.39 0 0 1 1
0.478261 0.5 1.35 1.4 1.35 1.37 1.33 1.37 1.33 2.14 0 0 0 1
0.469565 1 1.33 2.55 1.33 1.25 2.55 1.25 2.55 2.55 0 0 1 1
1 0.352174 2.55 1.06 2.55 2.55 1.11 2.55 1.11 1.18 0 0 0 1
0.243478 1 0.81 2.55 0.86 2.55 0.86 2.55 0.91 2.55 0 0 0 1
0.134783 1 0.56 2.55 0.6 2.55 0.6 0.64 0.67 0.64 0 0 0 1
1 1 2.55 2.55 0.46 2.55 0.46 2.55 0.47 2.55 1 0 1 1
0.0304348 0.817391 0.32 2.13 0.47 2.13 0.47 1.35 0.38 1.35 1 0 0 1
0.73913 0.830435 1.95 2.16 1.95 2.07 0.32 2.07 0.32 1.97 0 0 1 1
0.804348 0.817391 2.1 2.13 2.1 2.08 1.86 2.08 1.86 2.16 1 0 1 2
0.478261 0.486957 1.35 1.37 1.35 1.37 1.35 0.57 1.36 0.57 0 0 -1 -1
0.126087 0.46087 0.54 1.31 1.25 1.31 1.25 1.27 1.26 1.27 0 0 0 1
0.308696 0.413043 0.96 1.2 0.74 1.2 0.74 1 0.47 1 0 0 1 1
0.686957 1 1.83 2.55 0.85 2.55 0.85 1.84 0.95 1.84 0 0 0 1
0.143478 0.795652 0.58 2.08 0.58 0.7 0.78 0.7 0.78 1.84 0 0 0 1
0.113043 0.143478 0.51 0.58 0.51 0.57 0.45 0.57 0.45 1.78 0 0 1 1
0.347826 0.747826 1.05 1.97 1.05 0.45 1.09 0.45 1.09 2.55 1 0 0 1
0.0304348 0.795652 0.32 2.08 0.32 0.31 0.4 0.31 0.4 2.16 1 0 0 2
0.517391 0.113043 1.44 0.51 1.44 0.48 1.45 0.48 1.45 1.79 0 0 -1 -1
1 0.1 2.55 0.48 2.55 2.07 1.41 2.07 1.41 1.81 0 0 1 1
1 0.495652 2.55 1.39 2.55 1.72 1.34 1.72 1.34 1.78 0 0 0 1
0.334783 0.56087 1.02 1.54 1.02 1.54 1.16 1.54 1.16 1.76 0 0 0 1
0.821739 0.317391 2.14 0.98 2.14 0.78 0.94 0.78 0.94 1.05 0 0 0 1
0.2 0.76087 0.71 2 0.72 2 0.72 0.68 0.69 0.68 0 0 1 1
0.13913 0.182609 0.57 0.67 2.55 0.67 2.55 0.63 0.62 0.63 0 0 0 1
0.0304348 0.391304 0.32 1.15 0.46 1.15 0.46 0.86 0.46 0.86 1 0 0 2
