2 4 
2.11176 3.5 
2.16959 3 
2.66959 3.03549 
2.64565 2.53549 
2.68627 2.03549 
2.69468 1.53549 
3.19468 1.5098 
3.69468 1.39116 
4.19468 1.38011 
4.69468 1.38089 
5.19468 1.33224 
5.21784 1.83224 
5.71784 1.86649 
6.21784 1.78561 
6.10301 2.28561 
5.99505 2.78561 
6.49505 2.6996 
6.99505 2.70836 
6.98943 3.20836 
6.98492 3.70836 
7.48492 3.70519 
7.98492 3.7459 
7.99113 4.2459 
8.49113 4.26825 
8.99113 4.26965 
8.99553 4.76965 
8.91469 5.26965 
9.41469 5.14652 
9.39726 5.64652 
9.42955 6.14652 
9.39276 6.64652 
9.47553 7.14652 
9.40045 7.64652 
9.34178 8.14652 
9.84178 8.16846 
9.91209 8.66846 
9.9287 9.16846 
2 4 
1.90032 3.5 
1.90808 3 
2.40808 3.09162 
2.39463 2.59162 
2.89463 2.55544 
2.99304 2.05544 
3.10132 1.55544 
3.60132 1.52455 
4.10132 1.54948 
4.60132 1.42882 
5.10132 1.41218 
5.17842 1.91218 
5.67842 1.99789 
6.17842 1.96255 
6.2475 2.46255 
6.7475 2.48558 
6.75084 2.98558 
6.69099 3.48558 
7.19099 3.40222 
7.06606 3.90222 
7.56606 3.8726 
8.06606 3.97262 
8.06789 4.47262 
8.56789 4.4642 
8.52271 4.9642 
8.49889 5.4642 
8.99889 5.35637 
9.49889 5.39223 
9.52071 5.89223 
10 5.88125 
10 6.38125 
10 6.88125 
10 7.38125 
10 7.88125 
10 8.38125 
10 8.88125 
9.98563 9.38125 
2 4 
2.04033 3.5 
2.0952 3 
2.01736 2.5 
2.51736 2.48781 
2.59628 1.98781 
3.09628 2.01859 
3.59628 1.98949 
4.09628 1.95203 
4.59628 1.90219 
5.09628 1.99325 
5.59628 1.97334 
5.50579 2.47334 
6.00579 2.45385 
6.50579 2.36337 
6.49324 2.86337 
6.61819 3.36337 
7.11819 3.36372 
7.61819 3.30341 
7.53349 3.80341 
8.03349 3.7024 
8.07015 4.2024 
8.57015 4.29987 
9.07015 4.36289 
9.18186 4.86289 
9.16623 5.36289 
9.11314 5.86289 
9.08583 6.36289 
9.58583 6.40975 
10 6.43786 
10 6.93786 
10 7.43786 
10 7.93786 
9.92804 8.43786 
9.89574 8.40556 
9.96239 8.90556 
9.85385 9.40556 
2 4 
1.94342 3.5 
2.44342 3.38661 
2.49754 2.88661 
2.39428 2.38661 
2.44695 1.88661 
2.94695 1.81634 
3.44695 1.79996 
3.94695 1.85634 
4.44695 1.77229 
4.94695 1.81613 
5.05368 1.92286 
5.55368 1.98007 
6.05368 1.91396 
6.55368 1.80711 
6.48984 2.30711 
6.39843 2.80711 
6.89843 2.79087 
6.98734 3.29087 
6.91163 3.79087 
6.88548 4.29087 
7.38548 4.20505 
7.88548 4.09829 
7.85885 4.59829 
8.35885 4.63205 
8.85885 4.69883 
8.97404 5.19883 
9.0587 5.69883 
9.09002 6.19883 
9.10178 6.69883 
9.60178 6.64224 
9.50258 7.14224 
9.39495 7.64224 
9.51297 8.14224 
9.39984 8.64225 
9.89984 8.6012 
9.92922 9.1012 
2 4 
2.11014 3.5 
2.13982 3 
2.07925 2.5 
2.16222 2 
2.10479 1.5 
2.60479 1.62124 
3.10479 1.67013 
3.60479 1.63959 
4.10479 1.60933 
4.60479 1.64217 
5.10479 1.54847 
5.60479 1.6672 
5.64061 2.1672 
6.14061 2.18733 
6.64061 2.27965 
6.64969 2.77965 
7.14969 2.7977 
7.09663 3.2977 
7.16183 3.7977 
7.66183 3.8348 
7.61988 4.3348 
8.11988 4.22961 
8.61988 4.15095 
8.61339 4.65095 
8.65225 5.15095 
9.15225 5.11458 
9.10568 5.61458 
9.60568 5.5396 
9.62323 6.0396 
9.67457 6.5396 
9.7937 7.0396 
9.7958 7.5396 
9.90943 8.0396 
9.87373 8.5396 
9.97221 9.0396 
2 4 
2.09457 3.5 
2.06275 3 
2.12516 2.5 
2.23171 2 
2.73171 2.07518 
2.76813 1.57518 
3.26813 1.69546 
3.76813 1.81194 
4.26813 1.79624 
4.76813 1.87635 
5.26813 1.75719 
5.76813 1.81851 
6.26813 1.76645 
6.34072 2.26645 
6.297 2.76645 
6.37504 3.26645 
6.25472 3.76645 
6.37919 4.26645 
6.87919 4.17723 
7.37919 4.19346 
7.87919 4.1758 
8.37919 4.28141 
8.43852 4.78141 
8.93852 4.71678 
8.83235 5.21678 
9.33235 5.17228 
9.29298 5.67228 
9.41047 6.17228 
9.39179 6.67228 
9.34167 7.17228 
9.84167 7.29299 
9.86308 7.79299 
9.84993 8.29299 
9.86013 8.79299 
9.86266 9.29299 
2 4 
2.02372 3.5 
2.09834 3 
1.99024 2.5 
2.49024 2.58493 
2.99024 2.58181 
3.11488 2.08181 
3.16891 1.58181 
3.66892 1.47679 
4.16892 1.51819 
4.66892 1.60362 
5.16892 1.5701 
5.66892 1.53533 
6.16892 1.60871 
6.20149 2.10871 
6.19915 2.60871 
6.69915 2.55636 
6.67693 3.05636 
6.6261 3.55636 
7.1261 3.52405 
7.6261 3.50394 
7.622 4.00394 
8.122 4.11722 
8.15208 4.61722 
8.65208 4.53728 
9.15208 4.45457 
9.24426 4.95457 
9.29611 5.45457 
9.37717 5.95457 
9.48773 6.45457 
9.56085 6.95457 
9.65169 7.45457 
9.63762 7.95457 
10 7.88036 
10 7.98377 
9.96124 8.48377 
9.89553 8.98377 
9.99473 9.48377 
2 4 
2.07407 3.5 
2.10405 3 
2.12007 2.5 
2.06945 2 
2.56945 1.96592 
3.06945 2.03033 
3.00149 1.53033 
3.50149 1.62078 
4.00149 1.56618 
4.50149 1.60324 
5.00149 1.48674 
5.50149 1.52906 
6.00149 1.54774 
6.05636 2.04774 
6.55636 2.13675 
6.60201 2.63675 
7.10201 2.65599 
7.60201 2.75795 
7.57912 3.25795 
7.61671 3.75795 
7.60308 4.25795 
7.59125 4.75795 
8.09125 4.74535 
8.59125 4.86092 
9.09125 4.78544 
8.99851 5.28544 
9.05659 5.78544 
9.55659 5.74507 
9.57291 6.24507 
9.48779 6.74508 
9.52703 7.24508 
10 7.27545 
10 7.77545 
9.98039 8.27545 
9.99542 8.77545 
10 8.67045 
10 9.17045 
2 4 
2.07048 3.5 
2.12618 3 
2.62618 2.90648 
2.6337 2.40648 
2.55081 1.90648 
3.05081 1.88563 
3.55081 1.78543 
4.05081 1.71204 
4.55081 1.74768 
5.05081 1.74756 
5.55081 1.76994 
6.05081 1.7094 
6.14784 2.2094 
6.64784 2.09603 
6.75211 2.59603 
6.74902 3.09603 
7.24902 3.18816 
7.1351 3.68816 
7.04149 4.18816 
7.54149 4.07479 
8.04149 4.02876 
7.95283 4.52876 
8.45283 4.64693 
8.95283 4.75933 
9.01888 5.25933 
9.51888 5.1618 
9.47887 5.6618 
9.42585 6.1618 
9.41886 6.6618 
9.37887 7.1618 
9.32149 7.6618 
9.82149 7.60654 
9.81333 8.10654 
9.84299 8.60654 
9.88844 9.10654 
10 9.0034 
2 4 
1.92152 3.5 
1.81481 3 
2.31481 2.90283 
2.2357 2.40283 
2.17561 1.90283 
2.67561 1.9918 
3.17561 2.09629 
3.09224 1.59629 
3.59224 1.57233 
4.09224 1.69044 
4.59224 1.76623 
5.09224 1.81389 
5.59224 1.77215 
6.09224 1.76902 
6.13193 2.26902 
6.63193 2.28369 
6.13193 2.40502 
6.07629 2.90502 
6.57629 2.80284 
6.67075 3.30284 
6.74791 3.80284 
7.24791 3.70976 
7.74791 3.81015 
7.81283 4.31015 
7.70543 4.20274 
8.20543 4.24221 
8.21262 4.2494 
8.71262 4.21244 
8.72005 4.71244 
8.82661 5.21244 
9.32661 5.21161 
9.24652 5.71161 
9.20773 6.21161 
9.70774 6.27735 
9.79015 6.77735 
9.91298 7.27735 
9.95283 7.77735 
9.92095 8.27735 
10 8.36943 
10 8.3228 
10 8.8228 
10 9.3228 
2 4 
1.89164 3.5 
1.77693 3 
2.27693 2.88147 
2.39063 2.38147 
2.32988 1.88147 
2.82988 1.81641 
3.32988 1.8763 
3.82988 1.91682 
4.32988 2.02147 
4.82988 2.07963 
5.32988 1.967 
5.82988 2.08535 
5.90529 2.58535 
6.40529 2.52561 
6.37785 3.02561 
6.87785 3.12586 
6.97571 3.62586 
6.87268 4.12586 
7.37268 4.12441 
7.87268 4.06805 
8.37268 4.01426 
8.87268 4.13682 
8.77606 4.63682 
8.79243 5.13682 
9.29243 5.03669 
9.29002 5.53669 
9.79002 5.45213 
9.70407 5.95213 
9.69547 6.45213 
9.5983 6.95213 
9.47948 7.45213 
9.97948 7.51836 
10 8.01836 
9.98953 8.51836 
10 9.01836 
2 4 
2.06085 3.5 
2.10165 3 
2.60165 3.08597 
2.50041 2.58597 
2.48468 2.08597 
2.98468 2.20538 
3.04472 1.70538 
3.54472 1.72954 
4.04472 1.8358 
4.54472 1.8428 
5.04472 1.81062 
5.54472 1.77849 
6.04472 1.69975 
6.08565 2.19975 
6.58565 2.15335 
6.08565 2.19933 
6.58565 2.23056 
6.5999 2.73056 
7.0999 2.73326 
7.14324 3.23326 
7.06407 3.73326 
7.56407 3.72009 
7.57004 4.22009 
7.58696 4.72009 
8.08696 4.60164 
8.58696 4.57654 
8.64401 5.07654 
9.14401 4.97621 
9.11946 5.47621 
9.07544 5.97621 
9.07553 5.9763 
9.57553 5.97317 
9.51118 6.47317 
9.40246 6.97317 
9.44001 7.47317 
9.94001 7.39734 
9.97933 7.89734 
10 7.8269 
10 8.3269 
10 8.8269 
10 9.3269 
2 4 
1.90755 3.5 
1.78926 3 
2.28926 2.91538 
2.33636 2.41538 
2.32143 1.91538 
2.82143 1.86289 
3.32143 1.83222 
3.82143 1.74644 
4.32143 1.70492 
4.82143 1.73556 
5.32143 1.84872 
5.82143 1.85832 
6.32143 1.91808 
6.2063 2.41808 
6.7063 2.39761 
6.65525 2.89761 
7.15525 2.82226 
7.11026 2.77726 
7.05201 3.27726 
7.55201 3.21753 
7.64156 3.71753 
7.53172 4.21753 
8.03172 4.17491 
7.91986 4.67491 
8.41986 4.60449 
8.91986 4.61259 
8.83603 5.11259 
8.85633 5.61259 
9.35633 5.58678 
9.32901 6.08678 
9.39131 6.58678 
9.51189 7.08678 
9.54471 7.58678 
9.62885 8.08679 
10 8.00644 
9.98414 8.50644 
10 9.00644 
2 4 
1.96327 3.5 
1.94803 3 
2.44803 2.98338 
2.40964 2.48338 
2.34214 1.98338 
2.84214 2.00123 
2.80669 1.50123 
3.30669 1.37984 
3.80669 1.49406 
4.30669 1.50639 
4.80669 1.40103 
4.73168 1.90103 
5.23168 1.88921 
5.73168 1.95151 
6.23168 2.01915 
6.27853 2.51915 
6.30754 3.01915 
6.25519 3.51915 
6.75519 3.63398 
7.25519 3.65613 
7.33489 4.15614 
7.83489 4.24321 
8.33489 4.21347 
8.31212 4.71347 
8.41247 5.21347 
8.91247 5.23673 
9.03064 5.3549 
9.02098 5.8549 
9.52098 5.95058 
9.45881 6.45058 
9.44425 6.95058 
9.55458 7.45058 
10 7.51883 
10 8.01883 
10 8.51883 
10 9.01883 
2 4 
2.01466 3.5 
1.99053 3 
2.10995 2.5 
2.60995 2.57866 
2.49478 2.07866 
2.99478 2.18621 
2.97146 1.68621 
3.47146 1.6548 
3.97146 1.71554 
4.47146 1.67126 
4.97146 1.6321 
5.47146 1.57703 
5.97146 1.64742 
5.89093 2.14742 
6.39093 2.23311 
6.26917 2.73311 
6.76917 2.83935 
6.76999 3.33935 
7.26999 3.35817 
7.18605 3.85817 
7.68605 3.96308 
8.18605 3.87959 
8.22919 4.37959 
8.72919 4.30844 
8.81952 4.80844 
8.9037 5.30844 
8.96857 5.80844 
9.46857 5.69416 
9.37615 6.19416 
9.44176 6.69416 
9.38782 7.19416 
9.88782 7.1038 
9.92428 7.6038 
9.83394 8.1038 
10 8.03142 
10 8.53142 
9.89952 9.03142 
9.82477 9.53142 
2 4 
1.97806 3.5 
2.08756 3 
2.58756 2.92627 
2.54111 2.42627 
3.04111 2.50616 
2.98687 2.00616 
2.93897 1.50616 
3.43897 1.57533 
3.93897 1.65015 
4.43897 1.73515 
4.93897 1.78296 
5.43897 1.77469 
5.93897 1.67403 
6.43897 1.65917 
6.45208 2.15917 
6.53999 2.65917 
6.59084 3.15917 
6.51958 3.65917 
7.01958 3.65045 
6.93323 4.15045 
7.43323 4.2612 
7.93323 4.36565 
8.43323 4.29508 
8.41524 4.79508 
8.50953 5.29508 
9.00953 5.40034 
9.50953 5.37816 
9.41628 5.87816 
9.37125 6.37816 
9.36311 6.87816 
9.86311 6.99955 
9.81674 7.49955 
9.72677 7.99955 
9.67496 8.49955 
9.69719 8.99955 
9.61165 9.49955 
2 4 
2.08145 3.5 
2.05807 3 
2.17107 2.5 
2.28696 2 
2.78696 1.92091 
2.67589 1.42091 
3.17589 1.39296 
3.67589 1.33081 
4.17589 1.35541 
4.67589 1.41728 
5.17589 1.33111 
5.67589 1.41825 
5.55264 1.91825 
6.05264 1.97938 
5.98377 2.47938 
6.48377 2.37597 
6.60049 2.87597 
6.70436 3.37597 
6.69594 3.87597 
7.19594 3.75278 
7.69594 3.68355 
8.19594 3.59404 
8.12046 4.09404 
8.62046 4.07298 
8.71561 4.57298 
8.74174 5.07298 
9.24174 5.02135 
9.15448 5.52135 
9.08115 6.02135 
9.04853 6.52135 
9.54853 6.53575 
10 6.52714 
10 7.02714 
9.97887 7.52714 
10 8.02714 
9.95393 7.98107 
10 8.48107 
10 8.98107 
10 8.8724 
9.98548 8.85787 
9.86118 9.35787 
2 4 
1.96048 3.5 
1.84424 3 
2.34424 2.90597 
2.43111 2.40597 
2.48658 1.90597 
2.98658 1.8578 
3.48658 1.74077 
3.98658 1.83271 
4.48658 1.91956 
4.98658 1.93819 
5.48658 1.90498 
5.98658 1.94068 
6.48658 1.994 
6.49588 2.494 
6.99588 2.60138 
7.49588 2.56538 
7.49822 3.06538 
7.49438 3.56538 
7.41554 4.06538 
7.48381 4.56538 
7.98381 4.56157 
8.48381 4.6097 
8.37926 4.50515 
8.87926 4.40141 
8.92863 4.90141 
9.00392 5.40141 
8.88555 5.90141 
9.38555 5.78872 
9.45664 6.28872 
9.33386 6.16594 
9.28594 6.66594 
9.78594 6.73864 
9.84229 7.23864 
9.78983 7.73864 
9.73036 8.23864 
9.79716 8.73864 
9.90773 9.23864 
2 4 
2.5 3.98 
2.52049 3.48 
2.47235 2.98 
2.35379 2.48 
2.33614 1.98 
2.83614 1.88646 
2.83736 1.38646 
3.33736 1.42818 
3.83736 1.34977 
4.33736 1.38631 
4.83736 1.43773 
5.33736 1.33615 
5.83736 1.30394 
6.33736 1.3213 
6.39777 1.8213 
6.31358 2.3213 
6.81358 2.40775 
6.74393 2.90775 
6.85971 3.40775 
7.35971 3.30695 
7.33388 3.80695 
7.26086 4.30695 
7.76086 4.42637 
7.73901 4.92638 
8.23901 4.81806 
8.73901 4.89393 
8.82384 5.39393 
9.32385 5.32677 
9.23427 5.82677 
9.16415 6.32677 
9.66415 6.23035 
9.55633 6.73035 
9.61686 7.23035 
10 7.18895 
9.8974 7.68895 
9.77577 8.18895 
10 8.0682 
10 8.5682 
10 9.0682 
2 4 
1.99682 3.5 
2.49682 3.49572 
2.54507 2.99572 
2.44292 2.49572 
2.50511 1.99572 
3.00511 1.91271 
3.50511 2.01174 
3.48018 1.51174 
3.98018 1.49104 
4.48018 1.36877 
4.98018 1.42158 
5.48018 1.44946 
5.98018 1.5414 
6.48018 1.48861 
6.39435 1.98861 
6.39601 2.48861 
6.89601 2.45186 
6.85267 2.95186 
6.95028 3.45186 
6.99004 2.95186 
6.89891 3.45186 
7.39891 3.57106 
7.89891 3.68833 
7.9706 4.18833 
8.4706 4.25714 
8.44579 3.75714 
8.453 4.25714 
8.41418 4.75714 
8.91418 4.66804 
8.88157 5.16804 
8.89064 5.66804 
9.39064 5.58489 
9.50425 6.08489 
9.59709 6.58489 
9.53196 7.08489 
9.516 7.58489 
9.54231 8.08489 
10 8.06456 
10 8.56456 
9.93435 8.49892 
10 8.99892 
9.89458 9.49892 
2 4 
1.98945 3.5 
2.00642 3 
2.07257 2.5 
2.10729 2 
2.60729 1.91453 
3.10729 1.91223 
3.10589 1.41223 
3.60589 1.51773 
4.10589 1.62644 
4.60589 1.71638 
5.10589 1.73612 
5.60589 1.66469 
6.10589 1.74585 
6.06122 2.24585 
5.97432 2.74585 
6.47432 2.66515 
6.49389 3.16515 
6.99389 3.11278 
7.03329 3.61278 
7.53329 3.52355 
7.50875 4.02355 
7.61182 4.52355 
8.11182 4.45645 
7.99354 4.95645 
8.49354 4.96841 
8.40835 5.46841 
8.90835 5.40734 
9.40835 5.4251 
9.90835 5.47154 
9.80597 5.97154 
9.82822 6.47154 
9.94763 6.97154 
10 7.47154 
9.92628 7.97154 
9.84417 8.47154 
9.77431 8.97154 
9.69242 9.47154 
2 4 
1.9669 3.5 
2.4669 3.54967 
2.56537 3.04966 
2.57626 2.54966 
2.46753 2.04966 
2.96753 1.95999 
3.46753 1.97068 
3.96753 1.92682 
4.46753 2.0254 
4.96753 2.0925 
5.46753 2.21015 
5.96753 2.15096 
6.46753 2.14744 
6.41023 2.64744 
6.51784 3.14744 
6.52953 3.64744 
6.4184 4.14744 
6.9184 4.1307 
7.4184 4.02937 
7.37359 4.52937 
7.87359 4.62245 
8.37359 4.65052 
8.87359 4.52992 
8.87658 5.02992 
8.92334 5.52992 
8.80701 6.02992 
9.30701 6.10209 
9.30926 6.60209 
9.31471 7.10209 
9.3124 7.60209 
9.8124 7.64352 
9.86002 8.14352 
9.75291 8.64352 
10 8.56995 
9.89781 9.06995 
9.99107 9.56995 
2 4 
2.10805 3.5 
2.16115 3 
2.14444 2.5 
2.08563 2 
2.58563 1.90092 
3.08563 1.96472 
3.58563 1.97327 
4.08563 2.0938 
4.58563 1.99124 
5.08563 1.9086 
5.58563 1.79102 
6.08563 1.70231 
6.20083 2.20231 
6.31402 1.70231 
6.40284 2.20231 
6.33029 2.70231 
6.41633 3.20231 
6.91633 3.28698 
7.41633 3.28555 
7.42973 3.78555 
7.92973 3.79779 
8.42973 3.86642 
8.39842 4.36642 
8.89842 4.39686 
8.78143 4.89687 
8.8574 5.39686 
8.944 5.89686 
8.97463 6.39687 
9.47463 6.31457 
9.56744 6.81457 
9.50098 7.31457 
9.395 7.81457 
9.895 7.76208 
9.92401 8.26208 
10 8.76208 
10 9.26208 
2 4 
1.91383 3.5 
2.02047 3 
2.52047 3.01959 
2.6302 2.51959 
2.52698 2.01959 
3.02698 2.02035 
3.52698 2.07006 
4.02698 2.10581 
4.52698 2.06688 
5.02698 2.15253 
5.52698 2.05323 
5.53358 2.55323 
6.03358 2.55523 
6.53358 2.45053 
6.42549 2.95053 
6.41446 3.45053 
6.33186 3.95053 
6.83186 4.04982 
7.33186 4.03382 
7.83186 4.00874 
8.33187 4.07371 
8.22145 4.57371 
8.72145 4.57638 
8.79573 5.07638 
8.71539 5.57638 
9.21539 5.52089 
9.18476 6.02089 
9.68476 5.90483 
9.58991 6.40483 
9.63677 6.90483 
9.63438 7.40483 
9.52982 7.90483 
9.5926 8.40483 
9.56906 8.90483 
10 8.78019 
9.87514 9.28019 
2 4 
1.97735 3.5 
2.47735 3.45651 
2.52521 2.95651 
2.59119 2.45651 
2.50742 1.95651 
3.00742 1.93309 
3.50742 1.8641 
4.00742 1.75781 
4.50742 1.63501 
5.00742 1.74185 
5.50742 1.64638 
6.00742 1.58531 
5.99064 2.08531 
6.49064 1.97407 
6.40117 2.47407 
6.38859 2.97408 
6.88859 3.05992 
6.77061 3.55992 
7.27061 3.44091 
7.30061 3.94091 
7.80061 3.99489 
7.69458 4.49489 
8.19458 4.40122 
8.17087 4.90122 
8.67087 4.86907 
8.76832 5.36907 
9.26832 5.37185 
9.36656 5.87185 
9.48594 6.37185 
9.4545 6.87185 
9.50771 7.37185 
9.41909 7.87185 
9.91909 7.80805 
9.95757 8.30805 
10 8.80805 
9.93913 9.30805 
2 4 
1.93222 3.5 
2.03453 3 
2.04735 2.5 
2.10454 2 
2.60454 2.04047 
2.61367 1.54047 
3.11367 1.52747 
3.61367 1.45652 
4.11367 1.51812 
4.61367 1.62341 
5.11367 1.68915 
5.61367 1.57342 
5.59518 2.07342 
6.09518 2.13692 
6.02812 2.63692 
6.52812 2.52643 
6.53195 3.02643 
7.03195 3.08425 
7.07137 3.58425 
7.57137 3.60938 
7.60866 4.10938 
8.10866 4.02716 
8.19369 4.52716 
8.69369 4.63503 
9.19369 4.51959 
9.29734 5.01959 
9.24634 5.51959 
9.27005 6.01959 
9.26509 6.51959 
9.76509 6.47311 
9.82603 6.97311 
9.76103 7.47311 
9.71442 7.97311 
9.67066 8.47311 
9.56407 8.97311 
10 9.08699 
2 4 
1.88887 3.5 
1.7854 3 
2.2854 3.04242 
2.20271 2.54242 
2.31984 2.04242 
2.81984 2.05185 
3.31984 2.03777 
3.81984 1.9948 
4.31984 1.9587 
4.81984 1.95027 
5.31984 1.83542 
5.81984 1.77724 
5.8352 2.27724 
6.3352 2.23948 
6.2138 2.73948 
6.31513 3.23948 
6.81513 3.28936 
7.31513 3.183 
7.37875 3.683 
7.87875 3.71984 
8.37875 3.7432 
8.37299 4.2432 
8.87299 4.27244 
8.94454 4.77244 
9.44454 4.81508 
9.52402 5.31508 
9.60548 5.81508 
9.59371 6.31508 
9.56635 6.81508 
9.47508 7.31508 
9.59625 7.81508 
9.62388 8.31508 
10 8.40225 
9.90698 8.90225 
9.98288 9.40225 
2 4 
1.9668 3.5 
2.06441 3 
1.97525 2.5 
2.47525 2.41317 
2.41447 1.91317 
2.91447 1.95573 
3.41447 2.01582 
3.32403 1.51582 
3.82403 1.57862 
4.32403 1.61384 
4.82403 1.72007 
5.32403 1.67416 
5.82403 1.67296 
5.93243 2.17296 
6.43243 2.05847 
6.93243 2.04985 
6.86418 2.54985 
6.813 3.04985 
7.313 3.0545 
7.43024 3.5545 
7.93024 3.65261 
7.88927 4.15261 
8.38927 4.03689 
8.88927 3.93102 
8.81208 4.43102 
8.79992 4.93102 
8.76976 5.43102 
9.26976 5.36851 
9.21298 5.86851 
9.16718 6.36851 
9.28186 6.86851 
9.78186 6.83721 
9.80658 7.33721 
9.83954 7.83721 
9.93349 8.33721 
9.94266 8.83721 
9.95941 9.33721 
2 4 
2.0642 3.5 
2.14437 3 
2.64437 2.98258 
2.61906 2.48258 
2.59799 1.98258 
3.09799 2.06595 
3.59799 2.00203 
3.58726 1.50203 
4.08726 1.4957 
4.58726 1.38273 
5.08726 1.30471 
5.58726 1.32666 
6.08726 1.23858 
6.58726 1.18986 
6.48286 1.68986 
6.60663 2.18986 
6.49951 2.68986 
6.99951 2.71518 
6.96942 3.21518 
6.96077 3.71518 
7.46077 3.68588 
7.41051 4.18588 
7.91051 4.28518 
8.41051 4.19816 
8.34879 4.69816 
8.84879 4.68402 
8.89779 5.18402 
9.39779 5.1709 
9.28403 5.6709 
9.32526 6.1709 
9.26134 6.6709 
9.76134 6.76567 
9.71528 7.26567 
9.76923 7.76567 
9.87136 8.26567 
9.86677 8.76567 
9.96038 9.26567 
2 4 
2.02969 3.5 
2.04518 3 
2.54518 3.08528 
2.66711 2.58528 
2.64517 2.08528 
3.14517 1.97377 
3.64517 1.91265 
4.14517 2.00312 
4.64517 2.01598 
5.14517 2.04044 
5.64517 2.03109 
6.14517 2.00204 
6.13151 2.50204 
6.63151 2.52147 
6.73674 2.02147 
6.77246 2.52147 
6.6772 3.02147 
7.1772 3.02837 
7.11699 3.52837 
7.04031 4.02837 
6.92508 4.52837 
7.42508 4.41725 
7.92509 4.45982 
7.97961 4.95982 
8.47962 4.98837 
8.97962 4.94214 
8.9235 4.88603 
9.01727 5.38603 
8.99301 5.88603 
9.49301 5.88504 
9.59674 6.38504 
9.56999 6.88504 
9.58114 7.38504 
9.56776 7.88504 
10 7.93247 
9.91165 8.43247 
9.89421 8.93247 
9.88508 9.43247 
2 4 
1.95903 3.5 
1.9941 3 
2.4941 2.96103 
2.59911 2.46103 
2.52636 1.96103 
3.02636 2.02226 
3.52636 2.09575 
4.02636 2.10815 
4.52636 2.07874 
5.02636 2.08487 
5.52636 2.00126 
6.02636 1.97143 
6.52636 1.99554 
6.63888 2.49554 
6.51594 2.99554 
6.43408 3.49554 
6.93408 3.48647 
6.91161 3.98647 
6.94177 4.48647 
7.04339 4.98647 
7.54339 5.06134 
8.04339 5.03591 
8.54339 5.05088 
9.04339 4.96612 
8.95799 5.46612 
9.45799 5.37166 
9.53932 5.87166 
9.54667 6.37166 
9.66864 6.87166 
9.58283 7.37166 
9.54409 7.87166 
10 7.81359 
10 7.71249 
10 8.21249 
9.87668 8.71249 
9.84129 9.21249 
2 4 
1.90245 3.5 
2.00374 3 
1.90355 2.5 
1.93327 2 
2.43327 2.03458 
2.36051 1.53458 
2.86051 1.51321 
3.36051 1.53192 
3.86051 1.53765 
4.36051 1.6016 
4.86051 1.69367 
5.36051 1.79698 
5.86051 1.71806 
6.36051 1.66502 
6.24005 2.16502 
6.74005 2.24055 
6.83942 2.74055 
6.73141 3.24055 
7.23141 3.32003 
7.14517 3.82003 
7.64517 3.76878 
7.59717 4.26878 
8.09717 4.24387 
8.59717 4.36453 
9.09717 4.32973 
9.18979 4.82973 
9.21765 5.32973 
9.25144 5.82973 
9.21265 6.32973 
9.26166 6.82973 
9.1492 7.32973 
9.6492 7.38786 
9.71157 7.88786 
9.70636 8.38786 
9.67015 8.88786 
9.67981 9.38786 
2 4 
1.99511 3.5 
2.08607 3 
2.16964 2.5 
2.66964 2.46216 
3.16964 2.54678 
3.08381 2.04678 
3.15404 1.54678 
3.65404 1.54696 
4.15404 1.6489 
4.65404 1.72959 
5.15404 1.69855 
5.65404 1.6882 
6.15404 1.71762 
6.05823 2.21762 
6.55823 2.2734 
6.63389 2.7734 
7.13389 2.84079 
7.0413 3.34079 
6.92177 3.84079 
7.42177 3.79045 
7.34988 4.29045 
7.84988 4.38069 
8.34988 4.32815 
8.28517 4.82815 
8.78517 4.9256 
9.28517 4.98757 
9.30428 5.48757 
9.40134 5.98757 
9.42093 6.48757 
9.41916 6.98757 
9.34588 7.48757 
9.84588 7.56368 
9.84495 8.06368 
9.95906 8.56368 
9.93634 9.06368 
2 4 
2.04273 3.5 
2.13007 3 
2.10501 2.5 
2.60501 2.4795 
2.67157 1.9795 
3.17157 1.91781 
3.2797 1.41781 
3.7797 1.38903 
4.2797 1.51076 
4.7797 1.41186 
5.2797 1.45946 
5.7797 1.48067 
5.79077 1.98067 
5.80333 2.48067 
6.30333 2.46933 
6.40732 2.96933 
6.36229 3.46933 
6.32045 3.96933 
6.40825 4.46933 
6.90825 4.43949 
7.40825 4.32633 
7.90825 4.21393 
8.40825 4.32076 
8.90825 4.39621 
8.8731 4.89621 
8.80641 5.39621 
9.30641 5.35605 
9.28887 5.85605 
9.31825 6.35605 
9.37901 6.85605 
9.87901 6.89966 
9.96207 7.39966 
9.89285 7.89966 
9.93122 8.39966 
9.92544 8.89966 
10 9.39966 
2 4 
2.04907 3.5 
2.04804 3 
2.06995 2.5 
2.56995 2.5847 
2.57634 2.0847 
2.51712 1.5847 
3.01712 1.62097 
3.51712 1.63814 
4.01712 1.65565 
4.51712 1.55744 
5.01712 1.47937 
5.51712 1.37378 
6.01712 1.47562 
5.93773 1.97562 
6.00686 2.47562 
6.50686 2.50198 
6.45604 3.00198 
6.95604 2.97612 
6.91499 3.47613 
6.84207 3.97613 
7.34207 4.00719 
7.84207 4.05802 
7.80736 4.55802 
8.30736 4.60453 
8.80736 4.48774 
8.75232 4.98774 
9.25232 5.04753 
9.13538 5.54753 
9.23036 6.04753 
9.17205 5.54753 
9.2219 6.04753 
9.7219 6.16469 
9.80554 6.66469 
9.92787 7.16469 
9.81337 7.66469 
10 7.77474 
10 8.27474 
9.93054 8.77474 
9.82091 9.27474 
2 4 
2.06724 3.5 
1.99327 3 
2.49327 3.11943 
2.54446 2.61943 
2.65384 2.11943 
3.15384 2.20434 
3.25117 1.70434 
3.75117 1.63512 
4.25117 1.66415 
4.75117 1.61656 
5.25117 1.68563 
5.75117 1.63916 
6.25117 1.55747 
6.22885 2.05747 
6.18031 2.55747 
6.68031 2.47747 
6.59821 2.97747 
7.09821 2.94478 
7.03655 3.44478 
7.048 3.94478 
7.548 4.05592 
8.048 3.94318 
8.08542 4.44318 
8.58542 4.45587 
8.52476 4.95587 
9.02476 4.94006 
8.94827 5.44006 
8.93011 5.94006 
8.43011 5.92192 
8.93011 5.87349 
9.43011 5.86339 
9.34704 6.36339 
9.44757 6.86339 
9.37059 7.36339 
9.87059 7.44047 
9.99409 7.94047 
10 8.44047 
9.88985 8.94047 
9.91651 9.44047 
2 4 
2.07616 3.5 
2.13066 3 
2.06183 2.5 
2.56183 2.58294 
2.54731 2.08294 
2.51727 1.58294 
3.01727 1.63392 
3.51727 1.72306 
4.01727 1.79992 
4.51727 1.75567 
5.01727 1.6888 
5.51727 1.60798 
6.01727 1.72962 
6.03675 2.22962 
6.00891 2.72962 
5.89122 3.22962 
6.39122 3.28242 
6.29372 3.78242 
6.79372 3.83407 
6.76947 4.33407 
6.80984 4.83407 
7.30984 4.90735 
7.80984 4.93953 
8.30984 4.8396 
8.80984 4.92927 
9.30984 4.8435 
9.30917 5.3435 
9.21942 5.8435 
9.14686 6.3435 
9.0511 6.8435 
9.5511 6.77814 
9.46632 7.27814 
9.4157 7.77814 
9.9157 7.70095 
9.97927 8.20095 
9.9039 8.70095 
10 8.68944 
9.91432 8.60377 
9.99102 9.10377 
2 4 
2.01634 3.5 
2.51634 3.42787 
2.3974 2.92787 
2.28903 2.42787 
2.28883 1.92787 
2.78883 1.96666 
3.28883 2.06321 
3.37771 1.56321 
3.87771 1.68118 
4.37771 1.62365 
4.87771 1.71421 
5.37771 1.6752 
5.87771 1.57178 
5.78784 2.07178 
6.28784 2.12758 
6.25699 2.62758 
6.75699 2.64451 
6.68614 3.14451 
7.18614 3.17184 
7.06287 3.67184 
7.14294 4.17184 
7.64294 4.12045 
8.14294 4.23174 
8.64294 4.11051 
8.52918 4.61051 
8.43227 5.11051 
8.93227 5.11728 
8.86819 5.61728 
8.79478 6.11728 
9.29478 6.21417 
9.21313 6.71417 
9.71313 6.72612 
9.6752 7.22612 
9.76962 7.72612 
9.68963 8.22612 
9.60741 8.72612 
9.48285 9.22612 
9.98285 9.24599 
2 4 
2.08008 3.5 
2.069 3 
2.569 3.05187 
2.59083 2.55187 
2.52063 2.05187 
2.40474 1.93598 
2.48227 1.43598 
2.98227 1.33481 
3.48227 1.4424 
3.98227 1.37231 
4.48227 1.37516 
4.98227 1.25698 
5.48227 1.15829 
5.98227 1.23223 
6.48227 1.12796 
6.60228 1.62796 
6.65364 2.12796 
6.56435 2.62796 
6.62352 3.12796 
6.63318 3.62796 
7.13318 3.5494 
7.11427 4.0494 
7.61427 4.16054 
8.11427 4.20442 
8.61427 4.21343 
8.52118 4.71343 
8.40097 5.21343 
8.90097 5.11094 
8.95686 5.61094 
8.83318 6.11094 
9.33318 6.21756 
9.27421 6.71756 
9.77421 6.75737 
9.82369 7.25737 
9.81349 7.75737 
9.79593 8.25737 
10 8.2077 
9.9224 8.7077 
10 9.2077 
2 4 
1.88331 3.5 
1.9394 3 
1.88565 2.5 
2.38565 2.50741 
2.28757 2.00741 
2.78757 2.12538 
2.75144 1.62538 
3.25144 1.70669 
3.75144 1.58901 
4.25144 1.56093 
4.75144 1.46656 
5.25144 1.41459 
5.75144 1.4698 
5.68934 1.9698 
6.18934 1.96706 
6.28893 2.46706 
6.22675 2.96706 
6.24234 3.46706 
6.74234 3.55541 
6.75195 4.05541 
7.25195 4.17609 
7.75195 4.1456 
7.78028 4.6456 
8.28028 4.59502 
8.78028 4.56223 
8.77075 5.06223 
8.74116 5.56223 
9.24116 5.62381 
9.20026 6.12381 
9.18534 6.62381 
9.68534 6.71827 
9.57299 7.21827 
9.60515 7.71827 
9.48944 8.21827 
9.98944 8.2923 
10 8.7923 
10 9.2923 
2 4 
2.08739 3.5 
2.10852 3 
2.11277 2.5 
2.09846 2 
2.06331 1.5 
2.56331 1.61124 
3.06331 1.71034 
3.56331 1.74621 
4.06331 1.75608 
4.56331 1.78121 
5.06331 1.80215 
5.56331 1.77531 
6.06331 1.86063 
6.0648 2.36063 
6.00793 2.86063 
6.50793 2.93191 
7.00793 2.90269 
7.11686 3.40269 
7.17408 3.90269 
7.67408 4.01823 
8.17408 3.9145 
8.67408 3.85602 
8.63517 4.35602 
8.67633 4.85602 
9.17633 4.76747 
9.087 5.26747 
9.06687 5.76747 
9.15692 6.26747 
9.65692 6.20347 
9.54024 6.70347 
9.57347 7.20347 
9.53183 7.70347 
10 7.71107 
10 8.21107 
10 8.22082 
9.95889 8.72082 
10 9.22082 
2 4 
1.96951 3.5 
1.98737 3 
1.48737 3.11752 
1.98737 3.15508 
2.48737 3.10031 
2.58224 3.19518 
2.52256 2.69518 
2.58954 2.19518 
2.70199 1.69518 
3.20199 1.68765 
3.70199 1.57536 
4.20199 1.65781 
4.70199 1.71018 
5.20199 1.71991 
5.70199 1.71004 
6.20199 1.75328 
6.70199 1.8482 
6.58316 2.3482 
6.65941 2.8482 
7.15941 2.77302 
7.15147 3.27302 
7.05262 2.77302 
6.95059 3.27302 
7.03192 3.77302 
7.05489 4.27302 
7.55489 4.31087 
8.05489 4.40392 
8.55489 4.36684 
8.60739 4.86684 
9.10739 4.84276 
9.12893 5.34276 
9.11918 5.84276 
9.16841 6.34276 
9.20488 6.84276 
9.70488 6.78128 
9.70087 7.28128 
9.69992 7.78128 
9.64114 8.28128 
9.60289 8.78128 
10 8.66502 
10 9.16502 
2 4 
2.01192 3.5 
2.07585 3 
2.19985 2.5 
2.12954 2 
2.62954 1.92912 
2.67327 1.42912 
3.17327 1.40509 
3.67327 1.44707 
4.17327 1.55212 
4.67327 1.43748 
5.17327 1.47727 
5.67327 1.49652 
5.63284 1.99652 
6.13284 1.89177 
6.63284 1.88445 
6.6859 2.38445 
7.1859 2.39459 
7.09531 2.89459 
7.00791 3.39459 
6.9183 3.89459 
7.4183 3.78994 
7.33689 4.28994 
7.83689 4.37637 
8.33689 4.45429 
8.28127 4.95429 
8.78127 4.94186 
9.28127 4.92905 
9.34083 4.98861 
9.46015 5.48861 
9.36839 5.98861 
9.48507 6.48861 
9.53635 6.98861 
10 6.8784 
9.97966 7.3784 
10 7.8784 
10 8.3784 
9.93189 8.8784 
9.85557 9.3784 
2 4 
2.11854 3.5 
2.07209 3 
2.57209 3.07152 
2.63236 2.57151 
2.53191 2.07151 
3.03191 2.10335 
3.15114 1.60335 
3.65114 1.68912 
4.15114 1.72913 
4.65114 1.81744 
5.15114 1.9299 
5.65114 1.98412 
6.15114 2.03535 
6.65114 2.04682 
6.67131 2.54682 
6.57103 3.04682 
6.44778 3.54682 
6.51698 4.04682 
7.01698 4.17067 
7.51698 4.25273 
8.01698 4.30428 
8.51698 4.27599 
8.39524 4.77599 
8.89524 4.71651 
8.85331 5.21651 
8.86248 5.71651 
9.36248 5.6538 
9.42279 6.1538 
9.42503 6.6538 
9.31273 7.1538 
9.81273 7.16497 
9.90443 7.66497 
9.82822 8.16497 
9.88144 8.66497 
9.9349 9.16497 
2 4 
1.94138 3.5 
1.9764 3 
2.4764 2.99302 
2.37748 2.49302 
2.27005 1.99302 
2.77005 1.87743 
3.27005 1.9478 
3.77005 1.87658 
4.27005 1.92157 
4.77005 2.00568 
5.27005 2.0049 
5.77005 1.89356 
6.27005 1.94899 
6.77005 1.90474 
6.71439 2.40474 
6.61659 2.90474 
6.50671 3.40474 
7.00671 3.30747 
6.90725 3.80747 
7.40725 3.82915 
7.90725 3.79487 
7.86877 4.29487 
7.84693 4.79487 
8.34693 4.78678 
8.84693 4.7136 
9.34693 4.73815 
9.33425 5.23816 
9.3401 5.73816 
9.2823 6.23816 
9.27456 6.73816 
9.19195 7.23816 
9.69195 7.2824 
9.79839 7.7824 
9.74172 8.2824 
9.8117 8.7824 
9.77132 9.2824 
2 4 
1.90907 3.5 
1.7841 3 
1.82296 2.5 
2.32296 2.55231 
2.29922 2.05231 
2.79922 2.01442 
3.29922 1.98187 
3.79922 1.86747 
4.29922 1.93359 
4.79922 1.82207 
5.29922 1.82339 
5.79922 1.77755 
5.90669 2.27755 
6.40669 2.29108 
6.90669 2.25874 
6.82743 2.75874 
7.32743 2.70715 
7.38748 3.20715 
7.47349 3.70715 
7.97349 3.76449 
8.05255 4.26449 
7.55255 4.24618 
7.57603 4.74618 
8.07603 4.64826 
8.57603 4.5968 
9.07603 4.53618 
9.14604 5.03618 
9.24782 5.53618 
9.36589 6.03618 
9.31433 6.53618 
9.81433 6.6246 
9.76589 7.1246 
9.66426 7.6246 
9.72873 8.1246 
9.72118 8.6246 
9.7673 9.1246 
9.73884 9.6246 
2 4 
2.10196 3.5 
2.15688 3 
2.17518 2.5 
2.29683 2 
2.79683 1.99836 
3.29683 1.92167 
3.18959 1.42167 
3.68959 1.29846 
4.18959 1.29313 
4.68959 1.37557 
5.18959 1.4504 
5.68959 1.4513 
5.65009 1.9513 
6.15009 1.9608 
6.65009 2.0429 
6.62352 2.5429 
7.12352 2.59928 
7.09581 3.09929 
7.21139 3.59929 
7.19088 4.09929 
7.69088 3.9983 
8.19088 4.0631 
8.69088 4.12817 
9.19088 4.10425 
9.27143 4.60425 
9.15558 5.10425 
9.05033 5.60425 
9.13066 6.10425 
9.21335 6.60425 
9.25638 7.10425 
9.17217 7.02004 
9.67217 7.03196 
9.78752 7.53196 
9.77246 8.03196 
9.73454 8.53196 
9.62953 9.03196 
10 9.03314 
2 4 
1.95144 3.5 
1.86248 3 
1.77789 2.5 
2.27789 2.55354 
2.16875 2.05354 
2.66875 2.13974 
2.71132 1.63974 
3.21132 1.67179 
3.71132 1.72606 
4.21132 1.65027 
4.71132 1.76933 
5.21132 1.88029 
5.71132 1.96391 
6.21132 2.03301 
6.14648 2.53301 
6.64648 2.58187 
6.75517 3.08187 
6.63699 3.58187 
7.13699 3.70439 
7.17333 4.20439 
7.67333 4.11213 
8.17333 4.08335 
8.67333 4.0821 
8.60139 4.5821 
8.56852 5.0821 
8.50007 5.5821 
9.00007 5.56776 
8.91316 6.06776 
8.96628 6.56776 
9.46628 6.46722 
9.54533 6.96722 
10 6.8792 
9.95366 7.3792 
9.86574 7.8792 
9.91939 8.3792 
9.84246 8.8792 
9.81852 9.3792 
2 4 
1.96639 3.5 
1.92219 3 
1.80218 2.5 
1.75289 2 
2.25289 1.94402 
2.75289 1.98369 
3.25289 2.09286 
3.29673 1.59286 
3.79673 1.52445 
4.29673 1.56181 
4.79673 1.65263 
5.29673 1.72954 
5.79673 1.72562 
5.85612 2.22562 
6.35612 2.2506 
6.85612 2.34762 
6.91967 2.84762 
6.90719 3.34762 
7.40719 3.3999 
7.90719 3.29309 
7.94507 3.79309 
7.97427 4.29309 
8.47427 4.41152 
8.97427 4.4813 
9.01204 4.9813 
9.02677 5.4813 
9.05897 5.9813 
9.55897 5.94673 
9.59198 6.44673 
9.48733 6.94673 
9.98733 6.84398 
10 7.34398 
9.9385 7.84398 
10 8.34398 
9.98831 8.84398 
10 9.34398 
2 4 
2.02506 3.5 
1.98747 3 
2.48747 3.01681 
2.4964 2.51681 
2.50807 2.01681 
3.00807 2.11706 
3.50807 2.07349 
3.61832 1.57349 
4.11832 1.49995 
4.61832 1.50808 
5.11832 1.45447 
5.61832 1.53872 
6.11832 1.6089 
6.00488 2.1089 
6.08041 2.6089 
6.17719 3.1089 
6.67719 3.04596 
6.69296 3.54596 
7.19296 3.49595 
7.1596 3.99595 
7.6596 3.986 
7.59813 4.486 
8.09813 4.51111 
8.59813 4.62302 
9.09813 4.52883 
9.12478 5.02883 
9.02336 5.52883 
8.97283 6.02883 
9.47283 5.93736 
9.5096 6.43736 
9.50617 6.93736 
9.49701 7.43736 
9.99701 7.34535 
9.95745 7.84535 
9.8608 8.34535 
9.81686 8.84535 
9.82751 9.34535 
2 4 
2.07517 3.5 
2.02786 3 
2.10199 2.5 
2.18217 2 
2.68217 1.95307 
3.18217 2.03089 
3.06775 1.53089 
3.56775 1.51683 
4.06775 1.55071 
4.56775 1.43375 
5.06775 1.47247 
5.56775 1.39187 
5.61021 1.89187 
6.11021 1.81157 
6.61021 1.76459 
6.48815 2.26459 
6.98815 2.33284 
6.9322 2.83285 
6.8425 3.33285 
6.77437 3.83285 
6.73036 4.33285 
7.23036 4.44777 
7.73036 4.42892 
8.23036 4.5265 
8.73036 4.44295 
8.71528 4.94295 
8.78376 5.44295 
8.78878 5.94295 
9.28878 5.85078 
9.30556 6.35078 
9.34027 6.85078 
9.84027 6.75062 
9.77061 7.25062 
9.76935 7.75062 
9.66755 8.25062 
9.78626 8.75062 
10 8.63533 
10 9.13533 
2 4 
1.88484 3.5 
2.38484 3.45292 
2.50252 2.95292 
2.44741 2.45292 
2.38218 1.95292 
2.88218 1.87238 
3.38218 1.80037 
3.28473 1.30037 
3.78473 1.42106 
4.28473 1.37827 
4.78473 1.42267 
5.28473 1.34555 
5.78473 1.37063 
5.67406 1.87063 
6.17406 1.82381 
6.67406 1.82753 
6.69794 2.32753 
6.78589 2.82753 
6.86148 3.32753 
7.36148 3.38448 
7.24596 3.88448 
7.74596 3.92135 
7.71917 4.42135 
8.21917 4.44946 
8.71917 4.52654 
8.74111 5.02654 
9.24111 4.9235 
9.2405 5.4235 
9.31758 5.9235 
9.43535 6.4235 
9.31133 6.9235 
9.21822 7.4235 
9.71822 7.35503 
9.64316 7.85503 
9.52793 8.35503 
9.5699 8.85503 
9.68412 9.35503 
2 4 
1.92 3.5 
2.0036 3 
2.03181 2.5 
2.53181 2.38693 
2.44249 1.88693 
2.94249 1.87056 
2.90522 1.37056 
3.40522 1.35572 
3.90522 1.32549 
4.40522 1.30074 
4.90522 1.24334 
5.40522 1.24061 
5.48822 1.74061 
5.98822 1.81476 
6.48822 1.80338 
6.3735 2.30338 
6.35258 2.80338 
6.40989 3.30338 
6.90989 3.22503 
7.02893 3.72503 
7.52893 3.78581 
7.50634 4.28581 
8.00634 4.22817 
7.96136 4.72817 
8.46136 4.61863 
8.38059 5.11863 
8.88059 5.1301 
8.97265 5.6301 
9.07494 6.1301 
8.99235 6.63011 
9.49235 6.66464 
9.48188 7.16464 
9.55518 7.66464 
9.456 8.16465 
9.57133 8.66465 
9.48424 9.16465 
9.98424 9.22462 
2 4 
2.10736 3.5 
2.15687 3 
2.65687 3.0666 
2.53321 2.5666 
2.54176 2.0666 
3.04176 2.11328 
2.94775 1.61328 
3.44775 1.5022 
3.94775 1.58296 
4.44775 1.54658 
4.94775 1.53743 
5.44775 1.42284 
5.4942 1.92284 
5.9942 1.89275 
6.06983 2.39275 
6.56983 2.40855 
6.59144 2.90856 
7.09144 2.90004 
7.05962 3.40004 
7.14114 3.90004 
7.20433 4.40004 
7.70433 4.42078 
8.20433 4.36262 
8.70433 4.41782 
8.64553 4.91782 
8.68128 5.41782 
9.18128 5.33371 
9.28936 5.83371 
9.39598 6.33371 
9.43192 6.83371 
9.45093 7.33371 
9.50184 7.83371 
10 7.71463 
10 8.21463 
10 8.71463 
9.96 9.21463 
2 4 
1.9257 3.5 
1.95708 3 
2.00213 2.5 
2.50213 2.4892 
2.53238 1.9892 
3.03238 2.10918 
3.53238 2.01139 
4.03238 1.95374 
4.53238 2.06346 
5.03238 1.94304 
5.53238 1.93357 
6.03238 1.85274 
5.91803 2.35274 
6.41803 2.29507 
6.50327 2.79507 
6.58729 3.29507 
7.08729 3.34183 
7.06657 3.84183 
7.56657 3.8528 
8.06657 3.9292 
8.56657 3.96408 
8.65557 4.46408 
8.73932 4.96408 
8.61886 5.46408 
9.11886 5.46588 
9.07276 5.96588 
9.17211 5.46588 
9.21114 5.96588 
9.32631 6.46588 
9.4297 6.56926 
9.9297 6.60767 
9.80696 7.10767 
9.91214 7.60767 
9.89181 8.10767 
9.87837 8.60767 
9.9782 8.70751 
9.92569 9.20751 
2 4 
2.10582 3.5 
2.13958 3 
2.63958 2.92381 
2.68406 2.42381 
2.77688 1.92381 
2.85185 1.99879 
3.35185 2.07612 
3.85185 2.08634 
3.79088 1.58634 
4.29088 1.48005 
4.79088 1.37708 
5.29088 1.33426 
5.25066 1.83426 
5.75066 1.76318 
6.25066 1.82336 
6.75066 1.8448 
6.81285 2.3448 
6.70817 2.8448 
6.59587 3.3448 
6.63574 2.8448 
6.58824 3.3448 
6.53461 3.8448 
7.03461 3.80971 
7.53461 3.69361 
7.65062 4.19361 
7.59688 4.69361 
8.09688 4.78096 
8.59688 4.81784 
9.09688 4.69379 
9.00281 5.19379 
8.94771 5.69379 
8.91987 6.19379 
9.41987 6.1688 
9.31391 6.6688 
9.28715 7.1688 
9.78715 7.0989 
9.86743 7.5989 
9.99035 8.0989 
10 8.5989 
9.99132 9.0989 
2 4 
2.00957 3.5 
2.00605 3 
1.99355 2.5 
2.49355 2.51691 
2.56753 2.01691 
2.57951 1.51691 
3.07951 1.4972 
3.57951 1.56342 
4.07951 1.67358 
4.57951 1.59485 
5.07951 1.65654 
5.57951 1.58952 
5.63407 2.08952 
5.64952 2.58952 
6.14952 2.71264 
6.64952 2.61279 
6.68409 3.11279 
7.18409 3.12066 
7.21306 3.62066 
7.71306 3.65022 
7.73933 4.15022 
7.74233 4.65022 
8.24233 4.61793 
8.74233 4.6464 
8.75461 5.1464 
9.25461 5.22174 
9.2487 5.72174 
9.21671 6.22174 
9.30219 6.72174 
9.80219 6.84071 
9.69696 7.34071 
9.81998 7.84071 
9.70889 8.34071 
9.64327 8.84071 
10 8.84539 
10 9.34539 
2 4 
1.89571 3.5 
1.99982 3 
2.49982 2.89471 
2.41176 2.39471 
2.32048 1.89471 
2.82048 1.82024 
2.83066 1.32024 
3.33066 1.24289 
3.83066 1.31523 
4.33066 1.23872 
4.83066 1.13714 
5.33066 1.07327 
5.83066 1.04561 
5.91677 1.54561 
5.82077 2.04561 
6.32077 2.11177 
6.82077 2.06043 
6.70723 2.56043 
6.79862 3.06043 
7.29862 2.9641 
7.21882 3.4641 
7.10759 3.9641 
7.60759 3.93353 
8.10759 3.91025 
8.2091 4.41025 
8.21031 4.91025 
8.71031 4.82878 
8.75416 5.32878 
8.74736 5.82879 
9.24736 5.81692 
9.24488 6.31692 
9.12096 6.81692 
9.62096 6.87439 
9.12096 6.95641 
9.62096 6.9528 
9.59692 7.4528 
10 7.35534 
9.95688 7.85534 
10 8.35534 
10 8.85534 
10 9.35534 
2 4 
1.92674 3.5 
1.88711 3 
2.38711 2.98069 
2.40753 2.48069 
2.33901 1.98069 
2.83901 1.88178 
3.33901 1.79767 
3.83901 1.87255 
4.33901 1.88785 
4.83901 1.82727 
5.33901 1.8102 
5.83901 1.84289 
6.33901 1.82454 
6.40938 2.32454 
6.29308 2.82454 
6.24942 3.32454 
6.74942 3.20853 
6.6966 3.70853 
7.1966 3.75486 
7.6966 3.84748 
8.1966 3.84192 
8.07527 4.34192 
8.57528 4.2892 
8.58729 4.7892 
9.08729 4.81934 
9.14265 5.31934 
9.24434 5.81934 
9.22102 5.79602 
9.33154 6.29602 
9.34366 6.79602 
9.84366 6.77749 
9.95636 7.27749 
9.86342 7.77749 
9.76632 8.27749 
9.86222 8.77749 
9.91209 9.27749 
2 4 
1.97029 3.5 
2.06328 3 
2.11917 2.5 
2.23456 2 
2.73456 2.085 
2.8032 1.585 
3.3032 1.65168 
3.8032 1.61685 
4.3032 1.68802 
4.8032 1.72683 
5.3032 1.68321 
5.8032 1.74989 
6.3032 1.85775 
6.29012 2.35775 
6.79012 2.31887 
7.29012 2.34926 
7.31935 2.84926 
7.43944 3.34926 
7.51907 3.84926 
8.01907 3.95612 
8.01429 4.45612 
8.51429 4.56718 
8.45375 5.06718 
8.95375 5.12913 
8.93806 5.62913 
9.43806 5.52383 
9.39922 6.02383 
9.35924 6.52383 
9.85924 6.4993 
9.87849 6.9993 
9.90554 7.4993 
10 7.9993 
10 8.4993 
9.93072 8.9993 
9.97863 9.4993 
2 4 
2.12143 3.5 
2.08787 3 
2.18626 2.5 
2.68626 2.57108 
2.61315 2.07108 
3.11315 2.02208 
3.05505 1.52208 
3.55505 1.45449 
4.05505 1.49281 
4.55505 1.56308 
5.05505 1.51396 
5.55505 1.46502 
6.05505 1.40954 
6.55505 1.51796 
6.63017 2.01796 
6.57259 2.51796 
6.55712 3.01796 
6.50134 3.51796 
6.61636 4.01796 
7.11636 4.13929 
7.61636 4.16637 
8.11636 4.2392 
8.61636 4.29588 
8.71983 4.79588 
8.62118 5.29588 
9.12118 5.26448 
9.04117 5.76448 
9.54117 5.72405 
9.59645 6.22405 
9.64931 6.72405 
9.6947 7.22405 
9.57594 7.72405 
10 7.83193 
9.92662 8.33193 
9.85101 8.83193 
10 8.76431 
9.94204 9.26431 
2 4 
1.92694 3.5 
1.98924 3 
2.48924 3.12499 
2.47834 2.62499 
2.37339 2.12499 
2.48838 1.62499 
2.98838 1.57215 
3.48838 1.61809 
3.98838 1.55238 
4.48838 1.49495 
4.98838 1.46852 
5.48838 1.36153 
5.98838 1.3151 
6.48838 1.29956 
6.43443 1.79956 
6.43826 2.29956 
6.4062 2.79956 
6.9062 2.80123 
6.97045 3.30123 
6.47045 3.27283 
6.97045 3.34709 
7.47045 3.33934 
7.4761 3.83934 
7.47862 4.33934 
7.97862 4.45066 
8.47862 4.38301 
8.46998 4.88301 
8.96998 4.97984 
9.0567 5.47984 
9.02103 5.97984 
9.52103 5.91417 
9.56638 6.41417 
9.66376 6.91417 
9.64371 7.41417 
9.74863 7.91418 
9.85411 8.41418 
9.7899 8.91418 
9.79597 9.41418 
2 4 
1.94014 3.5 
2.04608 3 
1.99362 2.5 
2.49362 2.40702 
2.49419 1.90702 
2.38145 1.40702 
2.88145 1.51765 
3.38145 1.40077 
3.88145 1.3138 
4.38145 1.42039 
4.88145 1.43608 
5.38145 1.31901 
5.88145 1.39804 
5.9934 1.89804 
6.09098 2.39804 
6.14236 2.89804 
6.64236 2.80808 
6.55055 3.30808 
7.05055 3.25135 
7.55055 3.23539 
7.64842 3.73539 
7.61187 4.23539 
8.11187 4.23741 
8.61187 4.32317 
8.49873 4.82317 
8.46144 5.32317 
8.96144 5.3003 
8.86124 5.8003 
9.36124 5.6772 
9.86124 5.58632 
9.89091 6.08632 
9.98971 6.58632 
10 7.08632 
10 7.58632 
9.97109 8.08632 
10 8.58632 
10 9.08632 
2 4 
2.1073 3.5 
2.20196 3 
2.19768 2.5 
2.16097 2 
2.66097 1.99089 
2.60969 1.49089 
3.10969 1.56148 
3.60969 1.54721 
4.10969 1.59196 
4.60969 1.68734 
5.10969 1.74118 
5.60969 1.68751 
6.10969 1.57358 
6.60969 1.46039 
6.69646 1.96039 
6.67713 2.46039 
6.66182 2.96039 
6.57135 3.46039 
7.07135 3.39879 
7.0678 3.89879 
7.5678 3.9209 
8.0678 3.87596 
8.5678 3.85856 
8.63744 4.35856 
8.52387 4.85856 
9.02387 4.74761 
9.11975 5.24761 
9.09618 5.74761 
9.00604 6.24761 
9.50604 6.20037 
9.49172 6.70037 
9.56114 7.20037 
9.4969 7.70037 
9.9969 7.58202 
10 8.08202 
10 8.58202 
10 9.08202 
2 4 
1.8976 3.5 
1.96221 3 
2.46221 2.92846 
2.53184 2.42846 
2.62064 1.92846 
3.12064 1.91132 
3.09182 1.41132 
3.59182 1.29843 
4.09182 1.31604 
4.59182 1.33548 
5.09182 1.25083 
5.59182 1.33872 
5.49629 1.83872 
5.99629 1.85033 
6.49629 1.96017 
6.54185 2.46017 
6.52916 2.96017 
6.40766 3.46017 
6.31931 3.96017 
6.29271 4.46017 
6.79271 4.35068 
7.29271 4.25005 
7.29276 4.75005 
7.79276 4.7917 
8.29276 4.72921 
8.79276 4.6349 
8.8565 5.1349 
8.88207 5.6349 
9.38207 5.60702 
9.45207 6.10702 
9.51429 6.60702 
9.56061 7.10702 
9.6119 7.60702 
9.51063 8.10702 
9.52803 8.60702 
9.40811 9.10702 
9.90811 9.0038 
9.90908 9.5038 
2 4 
1.97895 3.5 
2.47895 3.54166 
2.46441 3.04166 
2.50689 2.54166 
2.57129 2.04166 
2.55982 1.54166 
3.05982 1.48827 
3.55982 1.5416 
4.05982 1.62326 
4.55982 1.68567 
5.05982 1.62672 
5.55982 1.63092 
5.46881 2.13092 
5.96881 2.07015 
5.97552 2.57015 
6.47552 2.68107 
6.97552 2.72812 
7.03007 3.22812 
7.09907 3.72812 
7.59907 3.65677 
7.69743 4.15677 
8.19743 4.2238 
8.69743 4.31857 
8.76536 4.81857 
8.75439 5.31857 
9.25439 5.2131 
9.36102 5.7131 
9.27354 6.2131 
9.77354 6.15916 
9.73905 6.65916 
9.7875 7.15916 
9.73658 7.65916 
9.7969 8.15916 
9.74823 8.65916 
10 8.72298 
10 9.22298 
2 4 
2.02284 3.5 
1.94 3 
2.44 2.91755 
2.46587 2.41755 
2.36084 1.91755 
2.86084 1.89564 
3.36084 2.00142 
3.86084 2.07281 
4.36084 2.11784 
4.86084 2.05012 
5.36084 2.13321 
5.86084 2.16994 
6.36084 2.1273 
6.29935 2.06581 
6.35908 2.56581 
6.302 3.06581 
6.802 2.95137 
7.302 2.9451 
7.29592 3.4451 
7.37048 3.9451 
7.44647 4.4451 
7.94647 4.51997 
8.44648 4.4982 
8.94648 4.39987 
8.9498 4.89987 
8.91886 5.39987 
9.41886 5.44289 
9.40589 5.94289 
9.37774 6.44289 
9.3907 6.94289 
9.8907 7.00794 
9.93572 7.50794 
9.98824 8.00794 
10 8.50794 
9.8868 9.00794 
10 9.01014 
2 4 
2.09019 3.5 
2.06585 3 
2.56585 3.08825 
2.52292 2.58825 
2.44885 2.08825 
2.94885 2.0891 
2.97031 1.5891 
3.47031 1.69011 
3.97031 1.78134 
4.47031 1.67614 
4.97031 1.66953 
5.47031 1.77822 
5.97031 1.8553 
6.47031 1.91747 
6.46236 2.41747 
6.43582 2.91747 
6.93582 2.81714 
6.89407 3.31714 
6.83347 3.81714 
7.33347 3.80185 
7.28229 4.30185 
7.78229 4.38786 
8.28229 4.28577 
8.78229 4.24807 
8.74644 4.74807 
8.85856 5.24807 
8.85129 5.74807 
9.35129 5.76562 
9.42247 6.26562 
9.41834 6.76562 
9.37458 7.26562 
9.26829 7.76562 
9.76829 7.8389 
10 7.94999 
9.87599 8.44999 
9.96769 8.94999 
10 9.44999 
2 4 
2.06008 3.5 
2.16809 3 
2.11527 2.5 
2.61527 2.4856 
2.53151 1.9856 
3.03151 1.99596 
3.53151 2.10583 
3.55597 1.60584 
4.05597 1.65573 
4.55597 1.72358 
5.05597 1.76137 
5.55597 1.73841 
6.05597 1.83713 
6.55597 1.75443 
6.49489 2.25443 
6.9949 2.27245 
6.91921 2.77245 
7.41921 2.84109 
7.47837 3.34109 
7.97837 3.46593 
8.01694 3.96593 
8.03375 4.46593 
8.53375 4.56179 
8.59199 5.06179 
9.09199 5.10781 
9.06639 5.60781 
9.56639 5.58936 
9.6579 6.08936 
9.68487 6.58936 
9.69127 7.08936 
9.59984 7.58936 
9.50393 8.08936 
10 7.99628 
10 8.49628 
9.94917 8.99628 
9.91212 9.49628 
2 4 
2.03578 3.5 
1.93437 3 
2.43437 2.98907 
2.44882 2.48907 
2.41836 1.98907 
2.91836 2.05226 
2.82156 1.55226 
3.32156 1.66429 
3.82156 1.65731 
4.32157 1.60182 
4.82157 1.70155 
5.32157 1.672 
5.82157 1.59249 
5.70042 2.09249 
6.20042 1.9845 
6.2056 2.4845 
6.7056 2.53942 
6.70497 3.03942 
6.80704 3.53942 
6.82812 4.03942 
7.32812 4.01449 
7.32645 4.51449 
7.82645 4.51135 
8.32646 4.62501 
8.82646 4.74476 
8.92027 5.24476 
9.42027 5.1327 
9.33782 5.6327 
9.24275 6.1327 
9.25105 6.6327 
9.30282 7.1327 
9.80282 7.01503 
9.72648 7.51503 
9.66149 8.01503 
9.57713 8.51503 
9.6293 9.01503 
9.73094 9.11667 
9.6872 9.61667 
2 4 
1.97386 3.97386 
1.97036 3.47386 
2.01924 2.97386 
2.51924 2.94916 
2.40334 2.44916 
2.50496 1.94916 
3.00496 1.84296 
3.50496 1.77204 
4.00496 1.8391 
4.50496 1.95789 
5.00496 2.03274 
5.50496 1.95361 
6.00496 1.89703 
6.50496 1.97806 
6.44125 2.47806 
6.34826 1.97806 
6.41551 2.47806 
6.51151 2.97806 
6.5882 3.47806 
7.0882 3.45858 
7.07463 3.95858 
7.57463 3.98845 
7.65467 4.48845 
8.15467 4.53223 
8.65467 4.58762 
8.61938 5.08762 
9.11938 5.17979 
9.19709 5.67979 
9.31154 6.17979 
9.38263 6.67979 
9.26962 7.17979 
9.76962 7.30181 
9.70545 7.80181 
9.60526 8.30181 
9.61503 8.80181 
9.54729 9.30181 
9.59588 9.3504 
10 9.34876 
2 4 
2.5 4.06833 
2.42179 3.56833 
2.37136 3.06833 
2.32117 2.56833 
2.29649 2.06833 
2.79649 2.01279 
3.29649 2.04993 
3.79649 2.03839 
4.29649 2.07237 
4.79649 2.16643 
5.29649 2.05063 
5.79649 1.96771 
6.29649 1.89676 
6.41279 2.39676 
6.29258 2.89676 
6.31979 3.39676 
6.81979 3.33704 
6.76637 3.83704 
7.26637 3.8262 
7.76637 3.92793 
7.72722 4.42793 
8.22722 4.33185 
8.72722 4.26507 
8.72222 4.76507 
8.68328 5.26507 
9.18328 5.38816 
9.12934 5.88816 
9.04798 6.38816 
9.54798 6.31249 
9.60083 6.81249 
9.68456 7.31249 
10 7.25929 
10 7.75929 
9.9095 8.25929 
9.97555 8.75929 
9.95102 9.25929 
2 4 
2.01032 3.5 
2.0018 3 
1.98623 2.5 
2.04896 2 
2.13732 1.5 
2.63732 1.62298 
3.13732 1.5592 
3.63732 1.67715 
4.13732 1.79827 
4.63732 1.77996 
5.13732 1.8093 
5.63732 1.80026 
5.5485 2.30026 
6.0485 2.28596 
6.1386 2.78596 
6.6386 2.87239 
6.53397 3.37239 
7.03397 3.44076 
6.91789 3.94076 
7.41789 3.81807 
7.34091 4.31807 
7.84091 4.26151 
8.34091 4.17435 
8.84091 4.14455 
8.83961 4.64455 
8.86196 5.14455 
8.88481 5.64455 
8.99973 6.14455 
9.49973 6.16527 
9.61588 6.66527 
9.64654 7.16527 
9.7266 7.66527 
9.82744 8.16527 
9.92288 8.66527 
9.85721 9.16527 
2 4 
2.03152 3.5 
2.06874 3 
2.56874 2.92159 
2.51699 2.42159 
2.55084 1.92159 
3.05084 1.99086 
3.55084 2.0889 
3.64633 1.5889 
4.14633 1.68853 
4.64633 1.60043 
5.14633 1.53891 
5.64633 1.4969 
5.55685 1.9969 
6.05685 1.92362 
6.1635 2.42362 
6.6635 2.48601 
6.57685 2.98601 
7.07685 3.0381 
7.0071 3.5381 
7.5071 3.41567 
7.54219 3.91567 
7.54136 4.41567 
8.04136 4.31858 
8.54136 4.22546 
8.63129 4.72546 
9.13129 4.74392 
9.02504 5.24391 
8.93923 5.74391 
9.43923 5.73193 
9.41882 6.23193 
9.48512 6.73193 
9.45534 7.23193 
9.95534 7.10728 
9.91379 7.60728 
10 7.63859 
10 8.13859 
9.92402 8.63859 
10 9.13859 
2 4 
1.96167 3.5 
1.90324 3 
2.40324 3.0026 
2.39217 2.5026 
2.3532 2.0026 
2.8532 2.04593 
3.3532 2.09582 
3.46892 1.59582 
3.96892 1.67564 
4.46892 1.78139 
4.96892 1.8348 
5.46892 1.89358 
5.96892 1.79334 
6.46892 1.8494 
6.52584 2.3494 
6.52388 2.8494 
6.46549 3.3494 
6.96549 3.39132 
7.46549 3.51341 
7.50681 4.01341 
8.00681 4.12283 
8.50681 4.21256 
8.47809 4.71256 
8.97809 4.75666 
9.09596 5.25666 
8.98096 5.75666 
9.48096 5.64894 
9.51523 6.14894 
9.48893 6.64894 
9.57656 7.14894 
9.59242 7.64894 
10 7.53079 
9.89097 8.03079 
9.93543 8.53079 
9.93415 9.03079 
9.88362 9.53079 
2 4 
1.92936 3.5 
2.05335 3 
2.55335 2.98961 
2.43773 2.48961 
2.53722 1.98961 
3.03722 1.98274 
3.53722 1.99232 
4.03722 2.08986 
4.53722 2.05987 
5.03722 2.04125 
5.53722 2.10674 
6.03722 2.03152 
6.13922 2.53152 
6.63922 2.62669 
6.65661 3.12669 
7.15661 3.06852 
7.07206 3.56852 
7.57206 3.52765 
8.07206 3.55737 
8.16876 4.05737 
8.04435 4.55737 
8.54435 4.66847 
8.6039 5.16847 
8.71361 5.66847 
9.21361 5.778 
9.29916 6.278 
9.79916 6.1919 
9.7123 6.6919 
9.80557 7.1919 
9.84948 7.6919 
9.75596 8.1919 
9.73629 8.6919 
9.78722 9.1919 
9.85372 9.6919 
2 4 
2.03247 3.5 
2.53247 3.47092 
2.59872 2.97092 
2.66674 2.47092 
2.74082 1.97092 
3.24082 1.87686 
3.74082 1.98072 
4.24082 2.07711 
4.74082 2.08926 
5.24082 2.07139 
5.74082 2.18357 
6.24082 2.17288 
6.21052 2.67288 
6.20431 3.17288 
6.21753 3.67288 
6.14676 4.17288 
6.64676 4.12509 
7.14676 4.22374 
7.64676 4.23099 
8.14676 4.29195 
8.64676 4.39371 
8.52864 4.89371 
9.02864 5.00306 
9.06188 5.50306 
8.98434 6.00306 
9.48434 5.91986 
9.50692 6.41986 
9.61906 6.91986 
9.66394 7.41986 
9.57584 7.91986 
9.48257 8.41986 
9.39222 8.91986 
9.89222 8.96311 
9.93688 9.46311 
2 4 
2.1194 3.5 
2.22543 3 
2.24647 2.5 
2.74647 2.51073 
2.79336 2.01073 
3.29336 2.01123 
3.37931 1.51123 
3.87931 1.53384 
4.37931 1.64675 
4.87931 1.64216 
5.37931 1.70943 
5.87932 1.7841 
5.7633 2.2841 
6.2633 2.1961 
6.27593 2.6961 
6.77593 2.74394 
6.67607 3.24394 
7.17607 3.30248 
7.23631 3.80248 
7.35705 4.30248 
7.85705 4.34018 
8.35705 4.37684 
8.85705 4.33164 
8.89723 4.83164 
8.89541 5.33164 
9.39541 5.35967 
9.41389 5.85967 
9.46326 6.35967 
9.5052 6.85967 
9.48237 7.35967 
9.45981 7.85967 
9.95981 7.95813 
9.84556 8.45813 
9.91393 8.95813 
10 9.45813 
2 4 
1.9265 3.5 
1.87479 3 
2.37479 3.11787 
2.44318 2.61787 
2.36028 2.11787 
2.86028 2.04578 
3.36028 2.05399 
3.41102 1.55399 
3.91102 1.64643 
4.41102 1.72432 
4.91102 1.8018 
5.41102 1.69716 
5.91102 1.69328 
5.96893 2.19328 
6.46893 2.10469 
6.50109 2.60469 
6.61748 3.10469 
6.72482 3.60469 
6.79364 4.10469 
7.29364 4.11422 
7.39503 4.21561 
7.89503 4.12702 
8.39503 4.17479 
8.89503 4.11657 
8.91136 4.61657 
8.89886 5.11657 
9.39886 4.99895 
9.51942 5.49895 
9.51934 5.99895 
9.57905 6.49895 
9.46853 6.99895 
9.52259 7.49895 
10 7.43165 
10 7.93165 
10 8.43165 
9.91192 8.93165 
9.99844 9.43165 
2 4 
2.03123 3.5 
2.04699 3 
2.13547 2.5 
2.63547 2.47547 
2.54091 1.97547 
3.04091 2.07262 
3.06484 1.57262 
3.56484 1.49505 
4.06484 1.47768 
4.56484 1.53674 
5.06484 1.62056 
5.56484 1.52538 
6.06484 1.60123 
6.15609 2.10123 
6.65609 2.05875 
6.54701 2.55875 
7.04701 2.54097 
7.54701 2.66042 
7.60612 3.16042 
7.71449 3.66042 
7.74076 4.16042 
8.24076 4.20875 
8.74076 4.11445 
8.76015 4.61445 
8.79637 5.11445 
8.74787 5.61445 
9.24787 5.73821 
9.27692 6.23821 
9.20411 6.73821 
9.70411 6.7194 
9.67838 7.2194 
9.71639 7.7194 
9.65465 8.2194 
9.74449 8.7194 
9.81536 8.79026 
9.90336 9.29026 
2 4 
1.90231 3.5 
1.96626 3 
2.46626 2.96789 
2.34175 2.46789 
2.33557 1.96789 
2.83557 2.08947 
3.33557 2.04238 
2.83557 1.98447 
3.33557 1.97538 
3.43628 1.47538 
3.93628 1.52755 
4.43628 1.51357 
4.93628 1.43969 
5.43628 1.48007 
5.37212 1.98007 
5.87212 1.87013 
5.81824 2.37013 
6.31824 2.26073 
6.20796 2.76073 
6.2767 3.26073 
6.7767 3.22129 
6.79979 3.72129 
7.29979 3.78817 
7.79979 3.75572 
8.29979 3.66946 
8.33886 4.16946 
8.45125 4.66946 
8.95125 4.55526 
9.00762 5.05526 
8.97598 5.55526 
9.47598 5.5388 
9.47551 6.0388 
9.42257 6.5388 
9.92257 6.66021 
9.89466 7.16021 
9.88584 7.66021 
10 7.65299 
9.5 7.71532 
10 7.68703 
9.88736 8.18703 
10 8.08046 
9.91611 8.58046 
9.83815 9.08046 
9.90294 9.58046 
2 4 
1.88712 3.5 
1.94593 3 
2.03993 2.5 
2.53993 2.60876 
2.57263 2.10876 
3.07263 2.17383 
3.11594 1.67383 
3.61594 1.69721 
4.11594 1.65388 
4.61594 1.76659 
5.11594 1.771 
5.61594 1.8512 
6.11594 1.76479 
6.18288 2.26479 
6.68288 2.38605 
6.62221 2.88605 
6.70917 3.38605 
7.20917 3.43517 
7.70917 3.34838 
7.74385 3.84838 
7.7266 4.34838 
7.82742 4.84838 
8.32742 4.95554 
8.82742 5.03119 
8.85532 5.53119 
8.90751 6.03119 
9.40751 6.13882 
9.32169 6.63882 
9.23816 7.13882 
9.73816 7.02754 
9.80271 7.52754 
9.73323 8.02754 
9.70624 8.52754 
9.80652 8.02754 
9.84852 8.52754 
9.85247 9.02754 
9.82739 9.52754 
2 4 
1.96986 3.5 
2.46986 3.51879 
2.35094 3.01879 
2.44227 2.51879 
2.4746 2.01879 
2.9746 1.94863 
3.09494 1.44863 
3.59494 1.46933 
4.09494 1.47819 
4.59494 1.53284 
5.09494 1.49937 
5.59494 1.61035 
6.09494 1.6004 
6.08586 2.1004 
6.03743 2.6004 
6.03418 3.1004 
6.05238 3.6004 
6.55238 3.629 
6.66725 4.129 
7.16725 4.03109 
7.66725 4.02429 
7.70308 4.52429 
8.20308 4.61669 
8.70308 4.54111 
8.74076 4.57879 
8.76403 5.07879 
9.26403 4.98824 
9.18437 5.48824 
9.07106 5.98824 
9.11656 6.48824 
9.61656 6.57872 
9.66967 7.07872 
9.75255 7.57873 
9.25255 7.48831 
9.75255 7.54888 
9.80125 8.04888 
9.87756 8.54888 
9.76455 9.04888 
9.66407 9.54888 
2 4 
1.94625 3.5 
1.99914 3 
2.49914 2.98221 
2.51056 2.48221 
2.51098 1.98221 
3.01098 2.06149 
2.51098 2.17842 
2.50636 1.67842 
3.00637 1.58444 
3.50637 1.49407 
4.00637 1.38563 
4.50637 1.3651 
5.00637 1.43856 
5.50637 1.44025 
6.00637 1.42735 
6.50637 1.35812 
6.55735 1.85812 
6.61715 2.35812 
6.65987 2.85812 
6.7386 3.35812 
6.69493 3.85812 
7.19493 3.89311 
7.69493 3.8537 
7.58017 4.3537 
8.08017 4.31249 
8.10347 4.81249 
8.60347 4.76412 
8.67868 5.26412 
9.17868 5.30992 
9.29555 5.42679 
9.31698 5.92679 
9.23237 6.42679 
9.73237 6.32335 
9.62359 6.82335 
9.65502 7.32335 
9.71838 7.82335 
9.7494 8.32335 
9.66118 8.82335 
10 8.86199 
9.88593 9.36199 
2 4 
2.09081 3.5 
2.04849 3 
1.99846 2.5 
2.49846 2.57069 
2.45848 2.07069 
2.95848 2.08435 
2.99541 1.58435 
2.88586 1.08435 
3.38586 1.13733 
3.88586 1.03443 
4.38586 1.0473 
4.88586 1.00676 
5.38586 1.07082 
5.31276 1.57082 
5.81276 1.66436 
6.31276 1.63663 
6.3226 2.13663 
6.38166 2.63663 
6.88166 2.59842 
6.77834 3.09842 
6.86331 3.59842 
7.36331 3.60111 
7.40508 4.10111 
7.3201 4.60111 
7.8201 4.71506 
8.3201 4.66633 
8.8201 4.70997 
8.89268 5.20997 
9.39268 5.24226 
9.38759 5.74226 
9.28899 6.24226 
9.40479 6.74226 
9.48248 7.24226 
9.98248 7.36462 
10 7.86462 
10 8.36462 
9.97068 8.86462 
9.94926 9.36462 
2 4 
1.9969 3.5 
2.03502 3 
2.07669 2.5 
2.57669 2.46116 
2.58549 1.96116 
3.08549 1.92275 
3.58549 1.95521 
3.60141 1.45521 
4.10141 1.37021 
4.60141 1.46393 
5.10141 1.4191 
5.60141 1.53927 
6.10141 1.4858 
6.1043 1.9858 
6.06438 2.4858 
6.07423 2.9858 
6.19037 3.4858 
6.22849 3.9858 
6.72849 3.9726 
6.63044 4.4726 
7.13044 4.46825 
7.63044 4.57045 
8.13044 4.53055 
8.63044 4.52975 
8.52216 5.02975 
9.02216 5.09194 
8.93879 5.59194 
9.43879 5.51864 
9.4737 6.01864 
9.50247 6.51864 
9.56184 7.01864 
9.56178 7.51864 
10 7.5095 
10 7.48937 
10 7.98937 
10 8.48937 
10 8.98937 
9.95684 9.48938 
2 4 
2.06096 3.5 
2.56096 3.60368 
2.48932 3.10368 
2.53191 2.60368 
2.48535 2.10368 
2.37506 1.60368 
2.87506 1.6757 
3.37506 1.68433 
3.87506 1.76453 
4.37506 1.86092 
4.87506 1.81204 
5.37506 1.74955 
5.87506 1.82089 
6.37506 1.87111 
6.39755 2.37111 
6.89755 2.28923 
6.94074 2.78923 
6.83773 3.28923 
6.90781 3.78923 
7.40781 3.86492 
7.90781 3.79693 
7.96137 4.29693 
7.89883 4.79693 
8.39883 4.73568 
8.47287 5.23568 
8.97287 5.28627 
9.47287 5.23453 
9.56234 5.73453 
9.48203 6.23453 
9.55822 6.73453 
9.59189 7.23453 
9.61606 7.73453 
9.59584 8.23453 
9.57208 8.73453 
9.66942 9.23453 
9.59821 9.73453 
2 4 
2.03206 3.5 
2.53206 3.38912 
2.4104 2.88912 
2.47512 2.38912 
2.48136 1.88912 
2.98136 1.92571 
3.48136 1.9749 
3.43897 1.4749 
3.93897 1.56683 
4.43897 1.58752 
4.93897 1.51526 
5.43897 1.5223 
5.93897 1.54338 
6.43897 1.45224 
6.93897 1.52983 
6.9513 2.02983 
6.89773 2.52983 
6.77405 3.02983 
7.27405 3.04706 
7.17429 3.54706 
7.26962 4.04706 
7.76962 4.09606 
8.26962 4.0976 
8.16049 4.5976 
8.66049 4.59999 
9.16049 4.6071 
9.10652 5.1071 
9.07594 5.6071 
9.02333 6.1071 
9.02212 6.6071 
9.52212 6.56162 
9.62877 7.06162 
9.58651 7.56162 
9.55404 8.06162 
9.60758 8.56162 
9.64985 9.06162 
9.74986 9.56162 
2 4 
1.89057 3.5 
2.39057 3.40057 
2.37847 2.90057 
2.397 2.40057 
2.40587 1.90057 
2.90587 1.97317 
2.9929 1.47317 
3.4929 1.40234 
3.9929 1.38028 
4.4929 1.32467 
4.9929 1.34259 
5.01414 1.36383 
5.51414 1.46476 
5.48256 1.96476 
5.98257 1.89045 
6.01999 2.39045 
6.51999 2.30957 
6.50017 2.80957 
6.6023 3.30957 
6.64826 3.80957 
6.6593 3.82061 
7.1593 3.83219 
7.6593 3.7305 
7.78232 4.2305 
8.28232 4.11151 
8.34264 4.61152 
8.84264 4.53353 
8.79871 5.03353 
9.29871 4.91428 
9.34324 5.41428 
9.29982 5.91428 
9.2042 6.41428 
9.27572 6.91428 
9.77572 6.94366 
9.89037 7.44366 
9.94389 7.94366 
9.88168 8.44366 
9.9018 8.94366 
9.88394 9.44366 
2 4 
1.88358 3.5 
2.38358 3.45739 
2.26367 2.95739 
2.21479 2.45739 
2.19736 1.95739 
2.69736 1.83357 
3.19736 1.74027 
3.69736 1.84821 
4.19736 1.78764 
4.69736 1.8384 
5.19736 1.91574 
5.13159 2.41574 
5.63159 2.37149 
6.13159 2.47184 
6.017 2.97184 
6.03729 3.47184 
6.53729 3.44219 
7.03729 3.5315 
7.53729 3.43236 
7.54368 3.93236 
8.04368 3.90199 
8.00036 4.40199 
8.50036 4.47955 
8.55979 4.97955 
9.05979 5.02285 
9.55979 5.10545 
9.4715 5.60545 
9.54194 6.10545 
9.46887 6.60545 
9.96887 6.607 
9.94171 7.107 
10 7.607 
10 8.10701 
10 8.60701 
10 9.10701 
2 4 
2.0547 3.5 
2.04095 3 
2.54095 3.0943 
2.4422 2.5943 
2.4658 2.0943 
2.43892 1.5943 
2.93892 1.6433 
3.43892 1.72025 
3.93892 1.60789 
4.43892 1.57899 
4.93892 1.69192 
5.43892 1.73368 
5.38661 2.23368 
5.88661 2.25169 
6.38661 2.2854 
6.88661 2.36772 
6.95534 2.86772 
7.45534 2.87561 
7.37442 3.37561 
7.30715 3.87561 
7.28137 4.37561 
7.78137 4.28765 
8.28137 4.31645 
8.39269 4.42777 
8.89269 4.34875 
8.87384 4.84875 
8.91849 5.34875 
9.41849 5.39182 
9.39518 5.89182 
9.51481 6.39182 
9.45762 6.89182 
9.95762 6.82102 
9.90891 7.32102 
9.98874 7.82102 
9.86757 8.32102 
9.88754 8.82102 
9.97732 9.32102 
2 4 
2.08495 3.5 
2.58495 3.57216 
2.52725 3.07216 
2.47961 2.57216 
2.52052 2.07216 
3.02052 2.19319 
2.92415 1.69319 
2.42415 1.75984 
2.92415 1.64913 
3.42415 1.67194 
3.92415 1.77244 
4.42415 1.89344 
4.92415 1.77315 
5.42415 1.67116 
5.92415 1.64319 
5.93023 2.14319 
6.43023 2.21756 
6.49933 2.71756 
6.99933 2.71286 
6.88476 3.21286 
7.38476 3.32712 
7.43025 3.82712 
7.5014 4.32712 
8.0014 4.41552 
8.5014 4.40769 
8.58924 4.90769 
9.08924 4.92285 
9.1436 5.42285 
9.17453 5.92285 
9.28663 6.42285 
9.27564 6.92285 
9.77564 6.94227 
9.7223 7.44227 
9.6389 7.94227 
9.6254 8.44227 
9.73914 8.94227 
9.80605 9.44227 
2 4 
1.98075 3.5 
2.48075 3.56774 
2.51891 3.06774 
2.54502 2.56774 
2.58793 2.06774 
3.08793 2.11212 
3.10171 1.61212 
3.60171 1.60647 
4.10171 1.49236 
4.60171 1.41802 
5.10171 1.4999 
5.60171 1.48024 
6.10171 1.37142 
6.22496 1.87142 
6.12654 2.37142 
6.62654 2.48397 
6.69285 2.98397 
6.62908 2.48397 
6.53527 2.98397 
6.61277 3.48397 
7.11277 3.42042 
7.19734 3.92042 
7.69734 3.8587 
8.19734 3.96653 
8.12127 4.46653 
8.62127 4.41519 
9.12127 4.29469 
9.06061 4.79469 
9.09154 5.29469 
9.07844 5.79469 
9.14428 6.29469 
9.64428 6.21377 
9.68287 6.71377 
9.61991 7.21377 
9.59735 7.71377 
9.51034 8.21377 
9.50795 8.71377 
10 8.73148 
9.92976 9.23148 
2 4 
1.92701 3.5 
1.98759 3 
2.48759 3.00406 
2.59759 2.50406 
2.55775 2.00406 
3.05775 2.11815 
3.08299 1.61815 
3.58299 1.53806 
4.08299 1.64113 
4.58299 1.6604 
5.08299 1.5441 
5.58299 1.4549 
5.51502 1.9549 
6.01502 1.92815 
6.51502 1.96383 
6.54169 2.46383 
6.46968 2.96383 
6.44147 3.46383 
6.94147 3.41002 
6.8348 3.91002 
6.86102 4.41002 
7.36102 4.29129 
7.86102 4.25519 
8.36102 4.3236 
8.86102 4.26593 
8.83838 4.76593 
8.76083 5.26593 
8.73603 5.76593 
9.23603 5.80999 
9.29324 6.30999 
9.41045 6.80999 
9.50117 7.30999 
9.5973 6.80999 
9.63289 7.30999 
9.62705 7.80999 
9.67303 8.30999 
9.75873 8.80999 
9.87956 8.30999 
9.90029 8.80999 
10 8.70319 
10 9.20319 
2 4 
1.9008 3.5 
1.97538 3 
2.47538 2.89497 
2.47019 2.39497 
2.43107 1.89497 
2.93107 1.86627 
3.43107 1.90089 
3.51146 1.40089 
4.01146 1.45513 
4.51146 1.45573 
5.01146 1.45649 
5.51146 1.42159 
6.01146 1.29785 
6.0066 1.79785 
5.9173 2.29785 
6.01625 2.79785 
6.51625 2.74545 
6.45442 3.24545 
6.95442 3.35395 
7.01793 3.85395 
7.51793 3.75657 
7.52415 4.25657 
8.02415 4.31566 
8.09138 4.81566 
8.59138 4.73262 
9.09138 4.64652 
9.033 5.14652 
9.05746 5.64652 
9.03142 6.14652 
9.53142 6.13957 
9.52425 6.63957 
9.61307 7.13957 
9.69718 7.63957 
9.61569 8.13957 
9.51341 8.63957 
10 8.74366 
9.96435 9.24366 
2 4 
2.04381 3.5 
2.0563 3.51249 
2.12294 3.01249 
2.01941 2.51249 
1.90349 2.01249 
2.40349 1.91354 
2.90349 1.80019 
3.40349 1.75569 
3.90349 1.86344 
4.40349 1.86875 
4.90349 1.84133 
5.40349 1.75437 
5.90349 1.68835 
6.40349 1.6452 
6.40721 2.1452 
6.39182 2.6452 
6.89182 2.57898 
7.39182 2.49698 
7.42381 2.99698 
7.43665 3.49698 
7.39812 3.99698 
7.40763 4.49698 
7.90763 4.61822 
7.9049 4.11822 
7.9001 4.61822 
8.4001 4.59808 
8.46923 5.09808 
8.96923 5.00624 
8.93629 5.50624 
8.85779 6.00624 
8.97007 6.50624 
9.47007 6.5536 
9.37035 7.0536 
9.87035 7.10783 
9.84587 7.60783 
9.90969 8.10783 
9.82467 8.60783 
9.70586 9.10783 
9.6731 9.60783 
2 4 
2.10496 3.5 
2.1277 3 
2.6277 2.92744 
2.68651 2.42744 
2.61186 1.92744 
3.11187 2.00767 
3.03079 1.50767 
3.53079 1.53923 
4.03079 1.55551 
4.53079 1.65027 
5.03079 1.70686 
5.53079 1.68136 
6.03079 1.58926 
5.93285 2.08926 
6.43285 2.15068 
6.44687 2.65068 
6.51881 3.15068 
7.01881 3.03885 
6.96774 3.53885 
6.95287 4.03885 
7.45287 3.93601 
7.95287 4.04781 
8.45287 4.04321 
8.44762 4.54321 
8.51459 5.04321 
9.01459 5.08376 
8.97253 5.58376 
9.47253 5.62976 
9.53855 6.12976 
9.55634 6.62976 
9.54738 7.12976 
9.57226 7.62976 
9.58713 8.12976 
9.59076 8.62976 
9.50284 9.12976 
9.55087 9.62976 
2 4 
2.11923 3.5 
2.05155 3 
2.00386 2.5 
2.10601 2 
2.60601 2.02374 
2.54403 1.52374 
3.04403 1.52757 
3.54403 1.47498 
4.04403 1.42896 
4.54403 1.42796 
5.04403 1.524 
5.54403 1.53617 
5.57311 2.03617 
6.07311 1.92843 
6.13015 2.42843 
6.10395 2.92843 
6.60395 3.02823 
7.10395 3.10928 
7.18548 3.60928 
7.68548 3.62503 
7.70545 4.12503 
8.20545 4.23858 
8.70545 4.29093 
8.58569 4.79093 
8.4698 5.29093 
8.9698 5.26433 
9.00912 5.76433 
9.04653 6.26433 
9.54653 6.15752 
9.59406 6.65752 
10 6.72022 
9.91875 7.22022 
9.81333 7.72022 
9.74063 8.22022 
9.6821 8.72022 
9.64909 9.22022 
9.685 9.72022 
2 4 
1.95798 3.5 
2.45798 3.53147 
2.53815 3.03147 
2.54242 2.53147 
2.42837 2.03147 
2.92837 2.10277 
2.42837 2.09664 
2.92837 2.02522 
2.98541 1.52522 
3.48541 1.54354 
3.98541 1.5412 
4.48541 1.48383 
4.98541 1.53651 
5.48541 1.54405 
5.54173 2.04405 
6.04173 1.92121 
5.96839 2.42121 
6.46839 2.38335 
6.41523 2.88335 
6.41541 3.38335 
6.91541 3.37497 
7.41541 3.46173 
7.30104 3.96173 
7.80104 3.88777 
7.91053 4.38777 
8.41053 4.43716 
8.3314 4.93716 
8.8314 4.97361 
8.8949 5.47361 
9.3949 5.57941 
9.35785 6.07941 
9.36855 6.57941 
9.86855 6.58213 
9.81265 7.08213 
9.85322 7.58213 
9.77157 8.08213 
9.79931 8.58213 
9.82868 9.08213 
9.95146 9.58213 
2 4 
1.96412 3.5 
2.02659 3 
2.52659 3.12446 
2.62656 2.62446 
2.54089 2.12446 
3.04089 2.22603 
3.03427 1.72603 
3.53427 1.73981 
4.03427 1.66243 
4.53427 1.63939 
5.03427 1.68568 
5.53427 1.66371 
6.03427 1.54273 
5.96956 2.04273 
6.46956 2.09531 
6.46621 2.59531 
6.96621 2.53746 
7.46622 2.65422 
7.39804 3.15423 
7.89804 3.11673 
7.902 3.61673 
7.82808 4.11673 
7.89514 4.61673 
8.39514 4.5724 
8.89514 4.67632 
8.86785 5.17632 
8.75738 5.67632 
9.25738 5.72264 
9.20817 6.22264 
9.25756 6.72264 
9.75756 6.59767 
9.70593 7.09767 
9.80304 7.59767 
9.92705 8.09767 
10 8.59767 
9.9111 9.09767 
2 4 
2.06657 3.5 
2.01291 3 
1.90034 2.5 
2.40034 2.51591 
2.90034 2.55307 
3.01606 2.05307 
3.06164 2.55307 
3.07127 2.05307 
3.1466 1.55307 
3.6466 1.59428 
4.1466 1.57281 
4.6466 1.54804 
5.1466 1.43547 
5.64661 1.46392 
5.62177 1.96392 
6.12177 1.9744 
6.1902 2.4744 
6.6902 2.49552 
6.8142 2.99552 
6.70386 3.49552 
6.62227 3.99552 
7.12227 4.07747 
7.62227 4.00172 
7.6838 4.50172 
8.1838 4.39636 
8.06856 4.89636 
8.56856 4.86382 
9.06856 4.77223 
9.00377 5.27223 
8.93587 5.77223 
8.99652 6.27223 
9.49652 6.27979 
9.41652 6.77979 
9.45824 7.27979 
9.57668 7.77979 
9.49942 8.27979 
9.99942 8.25987 
9.9509 8.75987 
9.84743 9.25987 
2 4 
1.87654 3.5 
1.80444 3 
2.30444 3.12258 
2.32597 2.62258 
2.37651 2.12258 
2.87651 2.12707 
2.90989 1.62707 
3.40989 1.55476 
3.90989 1.55254 
4.40989 1.64228 
4.90989 1.64657 
5.40989 1.65324 
5.90989 1.6719 
6.40989 1.6568 
6.90989 1.65803 
6.93989 2.15803 
7.01877 2.65803 
7.0064 3.15803 
7.04138 3.65803 
7.54138 3.64133 
8.04138 3.74713 
8.01479 4.24713 
8.51479 4.18341 
8.40846 4.68341 
8.90846 4.72606 
8.85472 5.22606 
8.88322 5.72606 
9.38322 5.8391 
9.32758 6.3391 
8.82758 6.44371 
9.32758 6.48154 
9.35088 6.98154 
9.47267 7.48154 
9.97267 7.47942 
10 7.97942 
10 8.47942 
9.88452 8.97942 
9.89592 9.47942 
2 4 
2.04104 3.5 
1.96683 3 
2.05549 2.5 
2.55549 2.45053 
2.46888 1.95053 
2.96888 1.92389 
2.87122 1.42389 
3.37122 1.34011 
3.87122 1.38514 
4.37122 1.36158 
4.87122 1.26925 
5.37122 1.18844 
5.3646 1.68844 
5.8646 1.75413 
6.3646 1.80979 
6.36695 2.30979 
6.24814 2.80979 
6.74814 2.91152 
7.24814 2.82264 
7.34487 3.32264 
7.44539 3.82264 
7.94539 3.85731 
7.8227 4.35731 
8.3227 4.43306 
8.8227 4.44819 
8.81466 4.94819 
9.31466 5.04669 
9.27621 5.54669 
9.15784 6.04669 
9.65784 5.94068 
9.71636 6.44068 
9.59831 6.94068 
10 6.84898 
10 7.34898 
10 7.30368 
9.98616 7.80368 
10 8.30368 
10 8.80368 
9.90284 9.30368 
2 4 
2.09217 3.5 
2.59217 3.6127 
2.60516 3.1127 
2.67596 2.6127 
2.59579 2.1127 
2.59236 1.6127 
3.09236 1.63897 
3.59236 1.61434 
4.09236 1.58463 
4.59236 1.62608 
5.09236 1.71854 
5.59236 1.82008 
6.09236 1.89257 
6.17013 2.39257 
6.23612 2.89257 
6.73612 3.00822 
6.65865 3.50822 
7.15865 3.44365 
7.23346 3.94365 
7.73346 4.00101 
8.23346 4.0567 
8.19092 4.5567 
8.69092 4.4871 
8.62311 4.9871 
8.58489 5.4871 
9.08489 5.56813 
9.06535 6.06813 
9.56535 6.02876 
9.45628 6.52876 
9.34843 7.02876 
9.84843 7.03451 
9.95319 7.53451 
10 8.03451 
9.89808 8.53451 
10 8.42576 
9.92926 8.92576 
9.98385 9.42576 
2 4 
2.07631 3.5 
2.08901 3 
2.58901 3.06935 
2.53638 2.56935 
2.61025 2.06935 
3.11025 2.04573 
2.99287 1.54573 
3.49287 1.50147 
3.99287 1.42823 
4.11324 0.928231 
4.61324 1.03117 
5.11324 0.994517 
5.61324 1.08217 
5.62665 1.58217 
6.12665 1.55011 
6.00275 2.05011 
6.50275 2.09658 
6.48497 2.59658 
6.98497 2.62737 
6.94424 3.12737 
6.96549 3.62737 
6.99703 4.12737 
7.49703 4.06749 
7.40992 3.98038 
7.33964 4.48038 
7.83964 4.55064 
8.33964 4.4858 
8.43635 4.9858 
8.93635 4.89917 
8.87628 5.39917 
9.37628 5.39689 
9.39303 5.89689 
9.47476 6.39689 
9.39538 6.89689 
8.89538 6.9145 
9.39538 6.82944 
9.28743 7.32944 
8.78743 7.31181 
9.28743 7.28212 
9.78743 7.35484 
9.71547 7.85484 
9.77264 8.35484 
10 8.32871 
9.99654 8.82871 
10 8.87079 
10 9.37079 
2 4 
1.96633 3.5 
2.03099 3 
2.53099 3.05266 
2.57266 2.55266 
2.45968 2.05266 
2.56341 1.55266 
3.06341 1.46715 
3.56341 1.36405 
4.06341 1.31223 
4.56341 1.32425 
5.06341 1.44797 
5.56341 1.33085 
5.53781 1.83085 
6.03781 1.84581 
6.10393 2.34581 
6.02766 2.84581 
6.52766 2.88137 
6.43473 3.38137 
6.93473 3.30475 
6.92673 3.80475 
6.95809 4.30475 
7.45809 4.30182 
7.95809 4.28852 
8.45809 4.1914 
8.56504 4.6914 
9.06504 4.73961 
8.99193 5.23961 
8.95669 5.73961 
8.86215 6.23961 
9.36215 6.35103 
9.46209 6.85103 
9.36152 7.35103 
9.86152 7.30335 
9.76247 7.80335 
9.83547 8.30335 
9.7556 8.80335 
9.70656 9.30335 
2 4 
2.11007 3.5 
2.17395 3 
2.05756 2.5 
2.55756 2.49343 
2.67862 1.99343 
2.74841 1.49343 
3.24841 1.46005 
3.74841 1.56856 
4.24841 1.64135 
4.74841 1.63852 
5.24841 1.73232 
5.74841 1.77025 
6.24841 1.72869 
6.34167 2.22869 
6.2345 2.72869 
6.23059 3.22869 
6.73059 3.18697 
7.23059 3.07703 
7.1114 3.57703 
7.19116 4.07703 
7.69116 4.16149 
8.19116 4.07763 
8.22491 4.57763 
8.72491 4.66525 
8.72804 5.16525 
9.22804 5.08227 
9.10873 5.58227 
9.14712 6.08227 
9.64712 6.02759 
9.68861 6.52759 
9.80139 7.02759 
10 7.05521 
9.89544 7.55521 
9.97095 8.05521 
10 8.55521 
10 9.05521 
2 4 
2.5 4.10857 
2.61962 3.60857 
2.64849 3.10857 
2.56592 2.60857 
2.57825 2.10857 
2.62773 1.60857 
3.12773 1.72681 
3.62773 1.81108 
3.51899 1.31108 
4.01899 1.41976 
4.51899 1.51193 
5.01899 1.40672 
5.51899 1.51989 
5.52371 2.01989 
6.02371 2.09439 
6.52371 2.02636 
6.52822 2.52636 
6.60731 3.02636 
7.10731 3.14614 
7.21742 3.25624 
7.11082 3.75624 
7.00342 4.25624 
7.50342 4.18712 
7.4305 4.68712 
7.9305 4.76847 
8.4305 4.65313 
8.9305 4.64805 
8.89272 5.14805 
8.87555 5.64805 
9.37555 5.53572 
9.87555 5.5743 
9.77027 6.0743 
9.81453 6.5743 
9.7073 7.0743 
9.66118 7.5743 
9.63008 8.0743 
10 8.06902 
9.96197 8.56902 
10 9.06902 
2 4 
2.05761 3.5 
1.95899 3 
1.91853 2.5 
2.41853 2.58537 
2.48539 2.08537 
2.46804 1.58537 
2.96804 1.65811 
3.46804 1.73284 
3.96804 1.72445 
4.46804 1.83728 
4.96804 1.73589 
5.46804 1.79048 
5.42553 2.29048 
5.92553 2.19736 
6.42553 2.09638 
6.47071 2.59638 
6.97071 2.55287 
7.00274 3.05287 
7.50274 2.99129 
7.46454 3.49129 
7.42369 3.99129 
7.92369 4.09712 
8.42369 4.19013 
8.92369 4.17108 
8.98279 4.67108 
9.0009 5.17108 
8.94472 5.67108 
9.44472 5.58779 
9.41586 6.08779 
9.46584 6.13776 
9.34106 6.63776 
9.21888 7.13776 
9.13055 7.63776 
9.63055 7.54203 
9.50883 8.04203 
10 8.05996 
9.95044 8.55996 
9.86822 9.05996 
10 9.12254 
2 4 
1.96602 3.5 
1.90312 3 
1.9921 2.5 
2.4921 2.41842 
2.5505 1.91842 
3.0505 1.96883 
3.5505 1.86073 
4.0505 1.81422 
4.08705 1.85077 
4.58705 1.86547 
5.08705 1.93841 
5.58705 1.86255 
6.08705 1.9142 
6.58705 2.00829 
6.61406 2.50829 
7.11406 2.56311 
7.16572 3.06311 
7.20203 3.56311 
7.22252 4.06311 
7.72252 4.04648 
8.22252 4.06258 
8.18823 4.56258 
8.68823 4.58353 
8.78195 5.08353 
8.77732 5.58353 
9.27732 5.54253 
9.34554 6.04253 
9.33405 6.54253 
9.26196 7.04253 
9.76196 7.12223 
9.77378 7.62223 
9.89072 8.12223 
9.89828 8.62223 
9.82264 9.12223 
9.78419 9.62223 
2 4 
2.11191 3.5 
2.13004 3 
2.11191 2.5 
2.61191 2.54234 
2.63847 2.04234 
3.13847 2.04594 
3.24005 1.54594 
3.74005 1.62148 
4.24005 1.61681 
4.74005 1.62282 
5.24005 1.49996 
5.74005 1.49091 
6.24005 1.45656 
6.74005 1.5643 
6.80912 2.0643 
6.86443 2.5643 
7.36443 2.67893 
7.31506 3.17893 
7.22585 3.67893 
7.30094 4.17893 
6.80094 4.16576 
6.82409 4.66576 
7.32409 4.65049 
7.82409 4.61873 
8.32409 4.71152 
8.82409 4.81156 
8.70067 5.31156 
8.67038 5.81156 
9.17038 5.78705 
9.67038 5.76645 
9.793 6.26645 
9.85575 6.76645 
9.85273 7.26645 
9.90228 7.76645 
9.97692 8.26645 
9.98671 8.76645 
9.86859 9.26645 
2 4 
1.98718 3.5 
2.03892 3 
2.13447 2.5 
2.63447 2.37691 
2.68581 1.87691 
3.18581 1.90091 
3.16137 1.40091 
3.66137 1.35119 
4.16137 1.28769 
4.66137 1.35409 
5.16137 1.28627 
5.66137 1.37703 
6.16137 1.42929 
6.2356 1.92929 
6.13722 2.42929 
6.63722 2.53131 
6.64494 3.03131 
7.14494 2.96014 
7.64494 3.06503 
7.67191 3.56503 
7.58535 4.06503 
7.51366 4.56503 
8.01366 4.64692 
8.51366 4.57848 
9.01366 4.50531 
9.07193 5.00531 
9.02976 5.50531 
8.97678 6.00531 
9.47678 6.07671 
9.36606 6.57671 
9.86606 6.48342 
9.92812 6.98342 
9.83127 7.48342 
9.88064 7.98342 
9.82979 8.48342 
9.93408 8.98342 
9.89534 9.48342 
2 4 
1.87907 3.5 
1.86487 3 
2.36487 2.93722 
2.24433 3.43722 
2.19467 2.93722 
2.27251 2.43722 
2.21955 1.93722 
2.71955 1.93694 
3.21955 2.01724 
3.19659 1.51724 
3.69659 1.52095 
4.19659 1.59913 
4.69659 1.68609 
5.19659 1.56459 
5.69659 1.66624 
6.19659 1.55714 
6.14431 2.05714 
6.04128 2.55714 
6.54128 2.52993 
6.65724 3.02993 
7.15724 3.11212 
7.22556 3.61212 
7.72556 3.70647 
8.22556 3.76405 
8.23723 4.26405 
8.24053 4.76405 
8.74053 4.8652 
8.73599 5.3652 
9.23599 5.3507 
9.27767 5.8507 
9.2628 6.3507 
9.30663 6.8507 
9.80663 6.87588 
9.80007 7.37588 
9.83294 7.87588 
9.71322 8.37588 
9.63717 8.29984 
9.7164 8.79984 
9.83665 9.29984 
2 4 
1.95982 3.5 
1.91494 3 
2.41494 2.97537 
2.53029 2.47537 
2.44545 1.97537 
2.43475 1.47537 
2.93474 1.52466 
3.43475 1.40956 
3.93475 1.40583 
4.43475 1.41967 
4.93475 1.41459 
5.43475 1.52906 
5.35421 2.02906 
5.85421 1.92907 
6.35421 2.05032 
6.85421 1.97274 
6.97127 2.47274 
7.47127 2.37082 
7.52192 2.87082 
7.40509 3.37082 
7.35939 3.87082 
7.85939 3.77017 
8.35939 3.6626 
8.47818 4.1626 
8.41372 4.6626 
8.36766 5.1626 
8.86767 5.2721 
9.36767 5.37747 
9.34939 5.87747 
9.27743 6.37747 
9.1856 6.87747 
9.6856 6.82533 
9.73245 7.32533 
9.79956 7.82533 
9.87701 8.32533 
9.95371 8.82533 
9.86372 9.32533 
2 4 
1.91364 3.5 
1.81643 3 
1.86988 2.5 
2.36987 2.53974 
2.30037 2.03974 
2.80037 2.13583 
2.70658 1.63583 
3.20658 1.63919 
3.70658 1.58056 
4.20658 1.67474 
4.70658 1.5658 
5.20658 1.55241 
5.70658 1.61834 
5.59546 2.11834 
6.09546 2.19253 
6.20287 2.69253 
6.70287 2.77944 
6.75134 3.27944 
6.79959 3.77944 
6.69572 4.27944 
7.19572 4.31427 
7.69572 4.36996 
8.19572 4.36091 
8.69572 4.38326 
8.71541 4.88326 
8.76701 5.38326 
9.26701 5.3777 
9.26342 5.8777 
9.36478 6.3777 
9.38475 6.8777 
9.28022 7.3777 
9.78022 7.3226 
9.75012 7.8226 
9.69492 8.3226 
9.6236 8.8226 
9.57437 9.3226 
10 9.29877 
2 4 
2.01513 3.5 
2.05553 3 
1.96982 2.5 
2.00868 2 
2.50868 1.96174 
3.00868 1.91482 
3.50868 1.87839 
4.00868 1.79642 
4.50869 1.69221 
5.00869 1.64657 
5.50869 1.76965 
6.00869 1.87781 
6.50869 1.7787 
6.60195 2.2787 
6.52348 2.7787 
7.02348 2.67022 
6.97112 3.17022 
6.84932 3.67022 
6.87788 4.17022 
7.37788 4.04909 
7.87788 4.15567 
7.75822 4.65567 
8.25822 4.59356 
8.75822 4.66416 
8.69629 5.16417 
9.19629 5.26478 
9.15178 5.76478 
9.26386 6.26478 
9.17483 6.76478 
9.67483 6.68796 
9.72754 7.18796 
9.71004 7.68796 
9.62728 8.18797 
9.565 8.68797 
9.5537 9.18797 
9.65435 8.68797 
10 8.67288 
10 9.17288 
2 4 
1.99974 3.5 
1.91679 3 
2.41679 3.02126 
2.30152 2.52126 
2.38243 2.02126 
2.88243 2.14018 
2.86549 1.64018 
3.36549 1.60791 
3.86549 1.7247 
4.36549 1.60357 
4.86549 1.55199 
5.36549 1.43443 
5.44717 1.93443 
5.94717 1.96019 
6.44717 1.94988 
6.94717 2.06317 
6.95019 2.56317 
6.84978 3.06317 
6.88526 3.56317 
7.38526 3.55216 
7.26909 4.05216 
7.76909 3.97222 
8.26909 3.87873 
8.23048 4.37873 
8.28056 4.87873 
8.78056 4.8076 
9.28056 4.92812 
9.31523 5.42812 
9.32474 5.92812 
9.23115 6.42812 
9.24932 6.92812 
9.74932 6.80882 
9.62942 7.30882 
9.72073 7.80882 
9.69246 8.30882 
9.81602 8.80882 
10 8.76628 
10 9.26628 
2 4 
1.98364 3.5 
2.07213 3 
1.97502 2.5 
2.47502 2.49498 
2.39466 1.99498 
2.89466 2.02966 
2.92693 1.52966 
3.42693 1.47462 
3.92693 1.41618 
4.42693 1.44514 
4.92693 1.53917 
5.42693 1.51227 
5.92693 1.48239 
6.00947 0.982387 
5.93028 0.903193 
6.43028 0.831502 
6.40024 1.3315 
6.30295 1.8315 
6.42001 2.3315 
6.92001 2.23957 
6.98787 2.73957 
7.00123 3.23957 
7.04653 3.73957 
7.54653 3.7415 
8.04653 3.78626 
7.95031 4.28626 
8.45031 4.19662 
8.47497 4.69662 
8.97497 4.65799 
9.47497 4.60801 
9.38521 5.10801 
9.38757 5.60801 
9.29635 6.10801 
9.79635 6.01629 
9.861 6.51629 
9.90677 7.01629 
9.89875 7.51629 
9.92871 8.01629 
9.91185 7.99942 
9.849 8.49942 
9.75062 8.99942 
9.79417 9.49942 
2 4 
1.96755 3.5 
1.98861 3 
1.92364 2.5 
2.42364 2.59782 
2.40387 2.09782 
2.30873 1.59782 
2.80873 1.68624 
3.30873 1.65871 
3.80873 1.68332 
4.30873 1.73573 
4.80873 1.6589 
5.30873 1.66719 
5.80873 1.60566 
6.30873 1.63531 
6.3927 2.13531 
6.33002 2.63531 
6.39658 3.13531 
6.89658 3.10601 
7.39658 3.14691 
7.50416 3.64691 
7.60678 4.14691 
8.10678 4.25046 
8.10432 4.75046 
8.60432 4.66164 
9.10432 4.54924 
9.15525 5.04924 
9.20178 5.54924 
9.20954 6.04924 
9.70954 6.15121 
9.79378 6.65121 
9.87984 7.15121 
9.92297 7.65121 
9.92144 8.15121 
9.92115 8.65121 
9.91023 9.15121 
2 4 
1.9303 3.5 
2.4303 3.51127 
2.3972 3.01127 
2.48166 2.51127 
2.36977 2.01127 
2.86977 2.07893 
2.81585 1.57893 
3.31585 1.5908 
3.81585 1.5203 
4.31585 1.44466 
4.81585 1.50894 
5.31585 1.48075 
5.81585 1.44078 
6.31585 1.55364 
6.32345 2.05364 
6.35219 1.55364 
6.31953 2.05364 
6.81953 1.95925 
6.72982 2.45925 
6.63418 2.95925 
7.13418 2.85186 
7.1014 3.35186 
7.03482 3.85186 
7.53482 3.87087 
7.52728 4.37087 
8.02728 4.24743 
8.52728 4.26339 
8.57094 4.76339 
8.53021 5.26339 
9.03021 5.37502 
9.53021 5.32041 
10 5.23522 
10 5.73522 
10 6.23522 
10 6.73522 
9.97603 7.23522 
9.97195 7.73522 
10 8.23522 
9.5 8.19206 
9.56627 8.69206 
10 8.80798 
10 9.30798 
