0 0
-0.0025 -0.0025
-0.00649993 -0.00749993
-0.0129994 -0.0139992
-0.0219969 -0.0219963
-0.0344891 -0.032488
-0.0504678 -0.0454678
-0.0699179 -0.0609243
-0.0928133 -0.0788392
-0.119112 -0.0991846
-0.148753 -0.12192
-0.18165 -0.14699
-0.217684 -0.174321
-0.255704 -0.202818
-0.296523 -0.233366
-0.339917 -0.265826
-0.38362 -0.300032
-0.429342 -0.335793
-0.476762 -0.372888
-0.524532 -0.410076
-0.572295 -0.447098
-0.619693 -0.48369
-0.666382 -0.51958
-0.712031 -0.5545
-0.756342 -0.588189
-0.799045 -0.620396
-0.83991 -0.650887
-0.878743 -0.679447
-0.915388 -0.70688
-0.949726 -0.732007
-0.98167 -0.754671
-1.01016 -0.775737
-1.03617 -0.796087
-1.05968 -0.814614
-1.08169 -0.831225
-1.10022 -0.845842
-1.11627 -0.858402
-1.12988 -0.868853
-1.14107 -0.877152
-1.15085 -0.88327
-1.15926 -0.887185
-1.1663 -0.888882
-1.171 -0.889355
-1.17237 -0.887604
-1.17142 -0.884634
-1.16714 -0.879455
-1.15952 -0.872086
-1.14854 -0.862554
-1.13417 -0.850897
-1.11739 -0.83616
-1.09716 -0.819408
-1.07346 -0.800717
-1.04627 -0.780179
-1.01558 -0.757901
-0.982404 -0.734007
-0.946771 -0.708638
-0.907752 -0.681951
-0.865448 -0.654121
-0.821006 -0.624336
-0.773618 -0.593808
-0.723526 -0.562757
-0.672023 -0.532412
-0.619443 -0.501002
-0.565154 -0.469761
-0.510555 -0.437922
-0.455053 -0.406719
-0.399061 -0.376374
-0.342982 -0.347098
-0.289193 -0.319085
-0.23602 -0.292511
-0.184746 -0.267535
-0.135598 -0.245296
-0.0887453 -0.22591
-0.0433051 -0.208471
-0.000343729 -0.194059
0.0401176 -0.181736
0.078097 -0.17055
0.113645 -0.160544
0.146836 -0.152753
0.178767 -0.147204
0.209548 -0.143916
0.239307 -0.142898
0.267183 -0.143154
0.292321 -0.145683
0.315859 -0.149477
0.338939 -0.155524
0.360703 -0.163804
0.381294 -0.175287
0.400849 -0.187933
0.419504 -0.201692
0.437392 -0.216508
0.45364 -0.233314
0.468367 -0.252032
0.482682 -0.273569
0.49769 -0.296811
0.5 -0.321625
0.5 -0.347863
0.5 -0.375358
0.5 -0.40493
0.5 -0.435372
0.5 -0.466469
0.5 -0.497992
0.5 -0.529706
0.5 -0.562375
0.5 -0.595754
0.5 -0.629596
0.5 -0.663656
0.5 -0.697697
0.5 -0.73149
0.5 -0.764823
0.5 -0.797501
0.5 -0.829348
0.5 -0.85921
0.5 -0.88696
0.5 -0.912492
0.5 -0.935726
0.5 -0.957599
0.5 -0.978061
0.5 -0.997077
0.5 -1.01462
0.5 -1.03068
0.5 -1.04524
0.5 -1.0583
0.5 -1.06986
0.5 -1.07992
0.5 -1.0865
0.5 -1.0896
0.5 -1.08921
0.5 -1.08535
0.5 -1.078
0.5 -1.06716
0.5 -1.05283
0.5 -1.035
0.5 -1.01367
0.5 -0.98885
0.5 -0.96057
0.5 -0.928874
0.5 -0.893834
0.5 -0.855554
0.5 -0.814176
0.5 -0.769884
0.5 -0.722909
0.5 -0.673526
0.5 -0.622056
0.5 -0.568859
0.5 -0.514323
0.5 -0.458857
0.5 -0.402873
0.5 -0.346775
0.5 -0.290942
0.5 -0.235716
0.5 -0.18239
0.5 -0.131199
0.5 -0.0813171
0.5 -0.0338611
0.5 0.0121078
0.5 0.0545784
0.5 0.0955824
0.5 0.135189
0.5 0.173497
0.5 0.210637
0.5 0.24576
0.5 0.279032
0.5 0.31063
0.5 0.340737
0.5 0.36954
0.5 0.397229
0.5 0.423993
0.5 0.45002
0.5 0.4755
0.5 0.5
0 0
-0.0025 -0.0025
-0.00649993 -0.00749993
-0.0129994 -0.0139992
-0.0219969 -0.0219963
-0.0344891 -0.032488
-0.0504678 -0.0454678
-0.0699179 -0.0609243
-0.0928133 -0.0788392
-0.119112 -0.0991846
-0.148753 -0.12192
-0.18165 -0.14699
-0.217684 -0.174321
-0.255704 -0.202818
-0.296523 -0.233366
-0.339917 -0.265826
-0.38362 -0.300032
-0.429342 -0.335793
-0.476762 -0.372888
-0.524532 -0.410076
-0.572295 -0.447098
-0.619693 -0.48369
-0.666382 -0.51958
-0.712031 -0.5545
-0.756342 -0.588189
-0.799045 -0.620396
-0.83991 -0.650887
-0.878743 -0.679447
-0.915388 -0.70688
-0.949726 -0.732007
-0.98167 -0.754671
-1.01016 -0.775737
-1.03617 -0.796087
-1.05968 -0.814614
-1.08169 -0.831225
-1.10022 -0.845842
-1.11627 -0.858402
-1.12988 -0.868853
-1.14107 -0.877152
-1.15085 -0.88327
-1.15926 -0.887185
-1.1663 -0.888882
-1.171 -0.889355
-1.17237 -0.887604
-1.17142 -0.884634
-1.16714 -0.879455
-1.15952 -0.872086
-1.14854 -0.862554
-1.13417 -0.850897
-1.11739 -0.83616
-1.09716 -0.819408
-1.07346 -0.800717
-1.04627 -0.780179
-1.01558 -0.757901
-0.982404 -0.734007
-0.946771 -0.708638
-0.907752 -0.681951
-0.865448 -0.654121
-0.821006 -0.624336
-0.773618 -0.593808
-0.723526 -0.562757
-0.672023 -0.532412
-0.619443 -0.501002
-0.565154 -0.469761
-0.510555 -0.437922
-0.455053 -0.406719
-0.399061 -0.376374
-0.342982 -0.347098
-0.289193 -0.319085
-0.23602 -0.292511
-0.184746 -0.267535
-0.135598 -0.245296
-0.0887453 -0.22591
-0.0433051 -0.208471
-0.000343729 -0.194059
0.0401176 -0.181736
0.078097 -0.17055
0.113645 -0.160544
0.146836 -0.152753
0.178767 -0.147204
0.209548 -0.143916
0.239307 -0.142898
0.267183 -0.143154
0.292321 -0.145683
0.315859 -0.149477
0.338939 -0.155524
0.360703 -0.163804
0.381294 -0.175287
0.400849 -0.187933
0.419504 -0.201692
0.437392 -0.216508
0.45364 -0.233314
0.468367 -0.252032
0.482682 -0.273569
0.49769 -0.296811
0.5 -0.321625
0.5 -0.347863
0.5 -0.375358
0.5 -0.40493
0.5 -0.435372
0.5 -0.466469
0.5 -0.497992
0.5 -0.529706
0.5 -0.562375
0.5 -0.595754
0.5 -0.629596
0.5 -0.663656
0.5 -0.697697
0.5 -0.73149
0.5 -0.764823
0.5 -0.797501
0.5 -0.829348
0.5 -0.85921
0.5 -0.88696
0.5 -0.912492
0.5 -0.935726
0.5 -0.957599
0.5 -0.978061
0.5 -0.997077
0.5 -1.01462
0.5 -1.03068
0.5 -1.04524
0.5 -1.0583
0.5 -1.06986
0.5 -1.07992
0.5 -1.0865
0.5 -1.0896
0.5 -1.08921
0.5 -1.08535
0.5 -1.078
0.5 -1.06716
0.5 -1.05283
0.5 -1.035
0.5 -1.01367
0.5 -0.98885
0.5 -0.96057
0.5 -0.928874
0.5 -0.893834
0.5 -0.855554
0.5 -0.814176
0.5 -0.769884
0.5 -0.722909
0.5 -0.673526
0.5 -0.622056
0.5 -0.568859
0.5 -0.514323
0.5 -0.458857
0.5 -0.402873
0.5 -0.346775
0.5 -0.290942
0.5 -0.235716
0.5 -0.18239
0.5 -0.131199
0.5 -0.0813171
0.5 -0.0338611
0.5 0.0121078
0.5 0.0545784
0.5 0.0955824
0.5 0.135189
0.5 0.173497
0.5 0.210637
0.5 0.24576
0.5 0.279032
0.5 0.31063
0.5 0.340737
0.5 0.36954
0.5 0.397229
0.5 0.423993
0.5 0.45002
0.5 0.4755
0.5 0.5
0 0
-0.0025 -0.0025
-0.00649993 -0.00749993
-0.0129994 -0.0139992
-0.0219969 -0.0219963
-0.0344891 -0.032488
-0.0504678 -0.0454678
-0.0699179 -0.0609243
-0.0928133 -0.0788392
-0.119112 -0.0991846
-0.148753 -0.12192
-0.18165 -0.14699
-0.217684 -0.174321
-0.255704 -0.202818
-0.296523 -0.233366
-0.339917 -0.265826
-0.38362 -0.300032
-0.429342 -0.335793
-0.476762 -0.372888
-0.524532 -0.410076
-0.572295 -0.447098
-0.619693 -0.48369
-0.666382 -0.51958
-0.712031 -0.5545
-0.756342 -0.588189
-0.799045 -0.620396
-0.83991 -0.650887
-0.878743 -0.679447
-0.915388 -0.70688
-0.949726 -0.732007
-0.98167 -0.754671
-1.01016 -0.775737
-1.03617 -0.796087
-1.05968 -0.814614
-1.08169 -0.831225
-1.10022 -0.845842
-1.11627 -0.858402
-1.12988 -0.868853
-1.14107 -0.877152
-1.15085 -0.88327
-1.15926 -0.887185
-1.1663 -0.888882
-1.171 -0.889355
-1.17237 -0.887604
-1.17142 -0.884634
-1.16714 -0.879455
-1.15952 -0.872086
-1.14854 -0.862554
-1.13417 -0.850897
-1.11739 -0.83616
-1.09716 -0.819408
-1.07346 -0.800717
-1.04627 -0.780179
-1.01558 -0.757901
-0.982404 -0.734007
-0.946771 -0.708638
-0.907752 -0.681951
-0.865448 -0.654121
-0.821006 -0.624336
-0.773618 -0.593808
-0.723526 -0.562757
-0.672023 -0.532412
-0.619443 -0.501002
-0.565154 -0.469761
-0.510555 -0.437922
-0.455053 -0.406719
-0.399061 -0.376374
-0.342982 -0.347098
-0.289193 -0.319085
-0.23602 -0.292511
-0.184746 -0.267535
-0.135598 -0.245296
-0.0887453 -0.22591
-0.0433051 -0.208471
-0.000343729 -0.194059
0.0401176 -0.181736
0.078097 -0.17055
0.113645 -0.160544
0.146836 -0.152753
0.178767 -0.147204
0.209548 -0.143916
0.239307 -0.142898
0.267183 -0.143154
0.292321 -0.145683
0.315859 -0.149477
0.338939 -0.155524
0.360703 -0.163804
0.381294 -0.175287
0.400849 -0.187933
0.419504 -0.201692
0.437392 -0.216508
0.45364 -0.233314
0.468367 -0.252032
0.482682 -0.273569
0.49769 -0.296811
0.5 -0.321625
0.5 -0.347863
0.5 -0.375358
0.5 -0.40493
0.5 -0.435372
0.5 -0.466469
0.5 -0.497992
0.5 -0.529706
0.5 -0.562375
0.5 -0.595754
0.5 -0.629596
0.5 -0.663656
0.5 -0.697697
0.5 -0.73149
0.5 -0.764823
0.5 -0.797501
0.5 -0.829348
0.5 -0.85921
0.5 -0.88696
0.5 -0.912492
0.5 -0.935726
0.5 -0.957599
0.5 -0.978061
0.5 -0.997077
0.5 -1.01462
0.5 -1.03068
0.5 -1.04524
0.5 -1.0583
0.5 -1.06986
0.5 -1.07992
0.5 -1.0865
0.5 -1.0896
0.5 -1.08921
0.5 -1.08535
0.5 -1.078
0.5 -1.06716
0.5 -1.05283
0.5 -1.035
0.5 -1.01367
0.5 -0.98885
0.5 -0.96057
0.5 -0.928874
0.5 -0.893834
0.5 -0.855554
0.5 -0.814176
0.5 -0.769884
0.5 -0.722909
0.5 -0.673526
0.5 -0.622056
0.5 -0.568859
0.5 -0.514323
0.5 -0.458857
0.5 -0.402873
0.5 -0.346775
0.5 -0.290942
0.5 -0.235716
0.5 -0.18239
0.5 -0.131199
0.5 -0.0813171
0.5 -0.0338611
0.5 0.0121078
0.5 0.0545784
0.5 0.0955824
0.5 0.135189
0.5 0.173497
0.5 0.210637
0.5 0.24576
0.5 0.279032
0.5 0.31063
0.5 0.340737
0.5 0.36954
0.5 0.397229
0.5 0.423993
0.5 0.45002
0.5 0.4755
0.5 0.5
0 0
-0.0025 -0.0025
-0.00649993 -0.00749993
-0.0129994 -0.0139992
-0.0219969 -0.0219963
-0.0344891 -0.032488
-0.0504678 -0.0454678
-0.0699179 -0.0609243
-0.0928133 -0.0788392
-0.119112 -0.0991846
-0.148753 -0.12192
-0.18165 -0.14699
-0.217684 -0.174321
-0.255704 -0.202818
-0.296523 -0.233366
-0.339917 -0.265826
-0.38362 -0.300032
-0.429342 -0.335793
-0.476762 -0.372888
-0.524532 -0.410076
-0.572295 -0.447098
-0.619693 -0.48369
-0.666382 -0.51958
-0.712031 -0.5545
-0.756342 -0.588189
-0.799045 -0.620396
-0.83991 -0.650887
-0.878743 -0.679447
-0.915388 -0.70688
-0.949726 -0.732007
-0.98167 -0.754671
-1.01016 -0.775737
-1.03617 -0.796087
-1.05968 -0.814614
-1.08169 -0.831225
-1.10022 -0.845842
-1.11627 -0.858402
-1.12988 -0.868853
-1.14107 -0.877152
-1.15085 -0.88327
-1.15926 -0.887185
-1.1663 -0.888882
-1.171 -0.889355
-1.17237 -0.887604
-1.17142 -0.884634
-1.16714 -0.879455
-1.15952 -0.872086
-1.14854 -0.862554
-1.13417 -0.850897
-1.11739 -0.83616
-1.09716 -0.819408
-1.07346 -0.800717
-1.04627 -0.780179
-1.01558 -0.757901
-0.982404 -0.734007
-0.946771 -0.708638
-0.907752 -0.681951
-0.865448 -0.654121
-0.821006 -0.624336
-0.773618 -0.593808
-0.723526 -0.562757
-0.672023 -0.532412
-0.619443 -0.501002
-0.565154 -0.469761
-0.510555 -0.437922
-0.455053 -0.406719
-0.399061 -0.376374
-0.342982 -0.347098
-0.289193 -0.319085
-0.23602 -0.292511
-0.184746 -0.267535
-0.135598 -0.245296
-0.0887453 -0.22591
-0.0433051 -0.208471
-0.000343729 -0.194059
0.0401176 -0.181736
0.078097 -0.17055
0.113645 -0.160544
0.146836 -0.152753
0.178767 -0.147204
0.209548 -0.143916
0.239307 -0.142898
0.267183 -0.143154
0.292321 -0.145683
0.315859 -0.149477
0.338939 -0.155524
0.360703 -0.163804
0.381294 -0.175287
0.400849 -0.187933
0.419504 -0.201692
0.437392 -0.216508
0.45364 -0.233314
0.468367 -0.252032
0.482682 -0.273569
0.49769 -0.296811
0.5 -0.321625
0.5 -0.347863
0.5 -0.375358
0.5 -0.40493
0.5 -0.435372
0.5 -0.466469
0.5 -0.497992
0.5 -0.529706
0.5 -0.562375
0.5 -0.595754
0.5 -0.629596
0.5 -0.663656
0.5 -0.697697
0.5 -0.73149
0.5 -0.764823
0.5 -0.797501
0.5 -0.829348
0.5 -0.85921
0.5 -0.88696
0.5 -0.912492
0.5 -0.935726
0.5 -0.957599
0.5 -0.978061
0.5 -0.997077
0.5 -1.01462
0.5 -1.03068
0.5 -1.04524
0.5 -1.0583
0.5 -1.06986
0.5 -1.07992
0.5 -1.0865
0.5 -1.0896
0.5 -1.08921
0.5 -1.08535
0.5 -1.078
0.5 -1.06716
0.5 -1.05283
0.5 -1.035
0.5 -1.01367
0.5 -0.98885
0.5 -0.96057
0.5 -0.928874
0.5 -0.893834
0.5 -0.855554
0.5 -0.814176
0.5 -0.769884
0.5 -0.722909
0.5 -0.673526
0.5 -0.622056
0.5 -0.568859
0.5 -0.514323
0.5 -0.458857
0.5 -0.402873
0.5 -0.346775
0.5 -0.290942
0.5 -0.235716
0.5 -0.18239
0.5 -0.131199
0.5 -0.0813171
0.5 -0.0338611
0.5 0.0121078
0.5 0.0545784
0.5 0.0955824
0.5 0.135189
0.5 0.173497
0.5 0.210637
0.5 0.24576
0.5 0.279032
0.5 0.31063
0.5 0.340737
0.5 0.36954
0.5 0.397229
0.5 0.423993
0.5 0.45002
0.5 0.4755
0.5 0.5
0 0
-0.0025 -0.0025
-0.00649993 -0.00749993
-0.0129994 -0.0139992
-0.0219969 -0.0219963
-0.0344891 -0.032488
-0.0504678 -0.0454678
-0.0699179 -0.0609243
-0.0928133 -0.0788392
-0.119112 -0.0991846
-0.148753 -0.12192
-0.18165 -0.14699
-0.217684 -0.174321
-0.255704 -0.202818
-0.296523 -0.233366
-0.339917 -0.265826
-0.38362 -0.300032
-0.429342 -0.335793
-0.476762 -0.372888
-0.524532 -0.410076
-0.572295 -0.447098
-0.619693 -0.48369
-0.666382 -0.51958
-0.712031 -0.5545
-0.756342 -0.588189
-0.799045 -0.620396
-0.83991 -0.650887
-0.878743 -0.679447
-0.915388 -0.70688
-0.949726 -0.732007
-0.98167 -0.754671
-1.01016 -0.775737
-1.03617 -0.796087
-1.05968 -0.814614
-1.08169 -0.831225
-1.10022 -0.845842
-1.11627 -0.858402
-1.12988 -0.868853
-1.14107 -0.877152
-1.15085 -0.88327
-1.15926 -0.887185
-1.1663 -0.888882
-1.171 -0.889355
-1.17237 -0.887604
-1.17142 -0.884634
-1.16714 -0.879455
-1.15952 -0.872086
-1.14854 -0.862554
-1.13417 -0.850897
-1.11739 -0.83616
-1.09716 -0.819408
-1.07346 -0.800717
-1.04627 -0.780179
-1.01558 -0.757901
-0.982404 -0.734007
-0.946771 -0.708638
-0.907752 -0.681951
-0.865448 -0.654121
-0.821006 -0.624336
-0.773618 -0.593808
-0.723526 -0.562757
-0.672023 -0.532412
-0.619443 -0.501002
-0.565154 -0.469761
-0.510555 -0.437922
-0.455053 -0.406719
-0.399061 -0.376374
-0.342982 -0.347098
-0.289193 -0.319085
-0.23602 -0.292511
-0.184746 -0.267535
-0.135598 -0.245296
-0.0887453 -0.22591
-0.0433051 -0.208471
-0.000343729 -0.194059
0.0401176 -0.181736
0.078097 -0.17055
0.113645 -0.160544
0.146836 -0.152753
0.178767 -0.147204
0.209548 -0.143916
0.239307 -0.142898
0.267183 -0.143154
0.292321 -0.145683
0.315859 -0.149477
0.338939 -0.155524
0.360703 -0.163804
0.381294 -0.175287
0.400849 -0.187933
0.419504 -0.201692
0.437392 -0.216508
0.45364 -0.233314
0.468367 -0.252032
0.482682 -0.273569
0.49769 -0.296811
0.5 -0.321625
0.5 -0.347863
0.5 -0.375358
0.5 -0.40493
0.5 -0.435372
0.5 -0.466469
0.5 -0.497992
0.5 -0.529706
0.5 -0.562375
0.5 -0.595754
0.5 -0.629596
0.5 -0.663656
0.5 -0.697697
0.5 -0.73149
0.5 -0.764823
0.5 -0.797501
0.5 -0.829348
0.5 -0.85921
0.5 -0.88696
0.5 -0.912492
0.5 -0.935726
0.5 -0.957599
0.5 -0.978061
0.5 -0.997077
0.5 -1.01462
0.5 -1.03068
0.5 -1.04524
0.5 -1.0583
0.5 -1.06986
0.5 -1.07992
0.5 -1.0865
0.5 -1.0896
0.5 -1.08921
0.5 -1.08535
0.5 -1.078
0.5 -1.06716
0.5 -1.05283
0.5 -1.035
0.5 -1.01367
0.5 -0.98885
0.5 -0.96057
0.5 -0.928874
0.5 -0.893834
0.5 -0.855554
0.5 -0.814176
0.5 -0.769884
0.5 -0.722909
0.5 -0.673526
0.5 -0.622056
0.5 -0.568859
0.5 -0.514323
0.5 -0.458857
0.5 -0.402873
0.5 -0.346775
0.5 -0.290942
0.5 -0.235716
0.5 -0.18239
0.5 -0.131199
0.5 -0.0813171
0.5 -0.0338611
0.5 0.0121078
0.5 0.0545784
0.5 0.0955824
0.5 0.135189
0.5 0.173497
0.5 0.210637
0.5 0.24576
0.5 0.279032
0.5 0.31063
0.5 0.340737
0.5 0.36954
0.5 0.397229
0.5 0.423993
0.5 0.45002
0.5 0.4755
0.5 0.5
0 0
-0.0025 -0.0025
-0.00649993 -0.00749993
-0.0129994 -0.0139992
-0.0219969 -0.0219963
-0.0344891 -0.032488
-0.0504678 -0.0454678
-0.0699179 -0.0609243
-0.0928133 -0.0788392
-0.119112 -0.0991846
-0.148753 -0.12192
-0.18165 -0.14699
-0.217684 -0.174321
-0.255704 -0.202818
-0.296523 -0.233366
-0.339917 -0.265826
-0.38362 -0.300032
-0.429342 -0.335793
-0.476762 -0.372888
-0.524532 -0.410076
-0.572295 -0.447098
-0.619693 -0.48369
-0.666382 -0.51958
-0.712031 -0.5545
-0.756342 -0.588189
-0.799045 -0.620396
-0.83991 -0.650887
-0.878743 -0.679447
-0.915388 -0.70688
-0.949726 -0.732007
-0.98167 -0.754671
-1.01016 -0.775737
-1.03617 -0.796087
-1.05968 -0.814614
-1.08169 -0.831225
-1.10022 -0.845842
-1.11627 -0.858402
-1.12988 -0.868853
-1.14107 -0.877152
-1.15085 -0.88327
-1.15926 -0.887185
-1.1663 -0.888882
-1.171 -0.889355
-1.17237 -0.887604
-1.17142 -0.884634
-1.16714 -0.879455
-1.15952 -0.872086
-1.14854 -0.862554
-1.13417 -0.850897
-1.11739 -0.83616
-1.09716 -0.819408
-1.07346 -0.800717
-1.04627 -0.780179
-1.01558 -0.757901
-0.982404 -0.734007
-0.946771 -0.708638
-0.907752 -0.681951
-0.865448 -0.654121
-0.821006 -0.624336
-0.773618 -0.593808
-0.723526 -0.562757
-0.672023 -0.532412
-0.619443 -0.501002
-0.565154 -0.469761
-0.510555 -0.437922
-0.455053 -0.406719
-0.399061 -0.376374
-0.342982 -0.347098
-0.289193 -0.319085
-0.23602 -0.292511
-0.184746 -0.267535
-0.135598 -0.245296
-0.0887453 -0.22591
-0.0433051 -0.208471
-0.000343729 -0.194059
0.0401176 -0.181736
0.078097 -0.17055
0.113645 -0.160544
0.146836 -0.152753
0.178767 -0.147204
0.209548 -0.143916
0.239307 -0.142898
0.267183 -0.143154
0.292321 -0.145683
0.315859 -0.149477
0.338939 -0.155524
0.360703 -0.163804
0.381294 -0.175287
0.400849 -0.187933
0.419504 -0.201692
0.437392 -0.216508
0.45364 -0.233314
0.468367 -0.252032
0.482682 -0.273569
0.49769 -0.296811
0.5 -0.321625
0.5 -0.347863
0.5 -0.375358
0.5 -0.40493
0.5 -0.435372
0.5 -0.466469
0.5 -0.497992
0.5 -0.529706
0.5 -0.562375
0.5 -0.595754
0.5 -0.629596
0.5 -0.663656
0.5 -0.697697
0.5 -0.73149
0.5 -0.764823
0.5 -0.797501
0.5 -0.829348
0.5 -0.85921
0.5 -0.88696
0.5 -0.912492
0.5 -0.935726
0.5 -0.957599
0.5 -0.978061
0.5 -0.997077
0.5 -1.01462
0.5 -1.03068
0.5 -1.04524
0.5 -1.0583
0.5 -1.06986
0.5 -1.07992
0.5 -1.0865
0.5 -1.0896
0.5 -1.08921
0.5 -1.08535
0.5 -1.078
0.5 -1.06716
0.5 -1.05283
0.5 -1.035
0.5 -1.01367
0.5 -0.98885
0.5 -0.96057
0.5 -0.928874
0.5 -0.893834
0.5 -0.855554
0.5 -0.814176
0.5 -0.769884
0.5 -0.722909
0.5 -0.673526
0.5 -0.622056
0.5 -0.568859
0.5 -0.514323
0.5 -0.458857
0.5 -0.402873
0.5 -0.346775
0.5 -0.290942
0.5 -0.235716
0.5 -0.18239
0.5 -0.131199
0.5 -0.0813171
0.5 -0.0338611
0.5 0.0121078
0.5 0.0545784
0.5 0.0955824
0.5 0.135189
0.5 0.173497
0.5 0.210637
0.5 0.24576
0.5 0.279032
0.5 0.31063
0.5 0.340737
0.5 0.36954
0.5 0.397229
0.5 0.423993
0.5 0.45002
0.5 0.4755
0.5 0.5
0 0
-0.0025 -0.0025
-0.00649993 -0.00749993
-0.0129994 -0.0139992
-0.0219969 -0.0219963
-0.0344891 -0.032488
-0.0504678 -0.0454678
-0.0699179 -0.0609243
-0.0928133 -0.0788392
-0.119112 -0.0991846
-0.148753 -0.12192
-0.18165 -0.14699
-0.217684 -0.174321
-0.255704 -0.202818
-0.296523 -0.233366
-0.339917 -0.265826
-0.38362 -0.300032
-0.429342 -0.335793
-0.476762 -0.372888
-0.524532 -0.410076
-0.572295 -0.447098
-0.619693 -0.48369
-0.666382 -0.51958
-0.712031 -0.5545
-0.756342 -0.588189
-0.799045 -0.620396
-0.83991 -0.650887
-0.878743 -0.679447
-0.915388 -0.70688
-0.949726 -0.732007
-0.98167 -0.754671
-1.01016 -0.775737
-1.03617 -0.796087
-1.05968 -0.814614
-1.08169 -0.831225
-1.10022 -0.845842
-1.11627 -0.858402
-1.12988 -0.868853
-1.14107 -0.877152
-1.15085 -0.88327
-1.15926 -0.887185
-1.1663 -0.888882
-1.171 -0.889355
-1.17237 -0.887604
-1.17142 -0.884634
-1.16714 -0.879455
-1.15952 -0.872086
-1.14854 -0.862554
-1.13417 -0.850897
-1.11739 -0.83616
-1.09716 -0.819408
-1.07346 -0.800717
-1.04627 -0.780179
-1.01558 -0.757901
-0.982404 -0.734007
-0.946771 -0.708638
-0.907752 -0.681951
-0.865448 -0.654121
-0.821006 -0.624336
-0.773618 -0.593808
-0.723526 -0.562757
-0.672023 -0.532412
-0.619443 -0.501002
-0.565154 -0.469761
-0.510555 -0.437922
-0.455053 -0.406719
-0.399061 -0.376374
-0.342982 -0.347098
-0.289193 -0.319085
-0.23602 -0.292511
-0.184746 -0.267535
-0.135598 -0.245296
-0.0887453 -0.22591
-0.0433051 -0.208471
-0.000343729 -0.194059
0.0401176 -0.181736
0.078097 -0.17055
0.113645 -0.160544
0.146836 -0.152753
0.178767 -0.147204
0.209548 -0.143916
0.239307 -0.142898
0.267183 -0.143154
0.292321 -0.145683
0.315859 -0.149477
0.338939 -0.155524
0.360703 -0.163804
0.381294 -0.175287
0.400849 -0.187933
0.419504 -0.201692
0.437392 -0.216508
0.45364 -0.233314
0.468367 -0.252032
0.482682 -0.273569
0.49769 -0.296811
0.5 -0.321625
0.5 -0.347863
0.5 -0.375358
0.5 -0.40493
0.5 -0.435372
0.5 -0.466469
0.5 -0.497992
0.5 -0.529706
0.5 -0.562375
0.5 -0.595754
0.5 -0.629596
0.5 -0.663656
0.5 -0.697697
0.5 -0.73149
0.5 -0.764823
0.5 -0.797501
0.5 -0.829348
0.5 -0.85921
0.5 -0.88696
0.5 -0.912492
0.5 -0.935726
0.5 -0.957599
0.5 -0.978061
0.5 -0.997077
0.5 -1.01462
0.5 -1.03068
0.5 -1.04524
0.5 -1.0583
0.5 -1.06986
0.5 -1.07992
0.5 -1.0865
0.5 -1.0896
0.5 -1.08921
0.5 -1.08535
0.5 -1.078
0.5 -1.06716
0.5 -1.05283
0.5 -1.035
0.5 -1.01367
0.5 -0.98885
0.5 -0.96057
0.5 -0.928874
0.5 -0.893834
0.5 -0.855554
0.5 -0.814176
0.5 -0.769884
0.5 -0.722909
0.5 -0.673526
0.5 -0.622056
0.5 -0.568859
0.5 -0.514323
0.5 -0.458857
0.5 -0.402873
0.5 -0.346775
0.5 -0.290942
0.5 -0.235716
0.5 -0.18239
0.5 -0.131199
0.5 -0.0813171
0.5 -0.0338611
0.5 0.0121078
0.5 0.0545784
0.5 0.0955824
0.5 0.135189
0.5 0.173497
0.5 0.210637
0.5 0.24576
0.5 0.279032
0.5 0.31063
0.5 0.340737
0.5 0.36954
0.5 0.397229
0.5 0.423993
0.5 0.45002
0.5 0.4755
0.5 0.5
0 0
-0.0025 -0.0025
-0.00649993 -0.00749993
-0.0129994 -0.0139992
-0.0219969 -0.0219963
-0.0344891 -0.032488
-0.0504678 -0.0454678
-0.0699179 -0.0609243
-0.0928133 -0.0788392
-0.119112 -0.0991846
-0.148753 -0.12192
-0.18165 -0.14699
-0.217684 -0.174321
-0.255704 -0.202818
-0.296523 -0.233366
-0.339917 -0.265826
-0.38362 -0.300032
-0.429342 -0.335793
-0.476762 -0.372888
-0.524532 -0.410076
-0.572295 -0.447098
-0.619693 -0.48369
-0.666382 -0.51958
-0.712031 -0.5545
-0.756342 -0.588189
-0.799045 -0.620396
-0.83991 -0.650887
-0.878743 -0.679447
-0.915388 -0.70688
-0.949726 -0.732007
-0.98167 -0.754671
-1.01016 -0.775737
-1.03617 -0.796087
-1.05968 -0.814614
-1.08169 -0.831225
-1.10022 -0.845842
-1.11627 -0.858402
-1.12988 -0.868853
-1.14107 -0.877152
-1.15085 -0.88327
-1.15926 -0.887185
-1.1663 -0.888882
-1.171 -0.889355
-1.17237 -0.887604
-1.17142 -0.884634
-1.16714 -0.879455
-1.15952 -0.872086
-1.14854 -0.862554
-1.13417 -0.850897
-1.11739 -0.83616
-1.09716 -0.819408
-1.07346 -0.800717
-1.04627 -0.780179
-1.01558 -0.757901
-0.982404 -0.734007
-0.946771 -0.708638
-0.907752 -0.681951
-0.865448 -0.654121
-0.821006 -0.624336
-0.773618 -0.593808
-0.723526 -0.562757
-0.672023 -0.532412
-0.619443 -0.501002
-0.565154 -0.469761
-0.510555 -0.437922
-0.455053 -0.406719
-0.399061 -0.376374
-0.342982 -0.347098
-0.289193 -0.319085
-0.23602 -0.292511
-0.184746 -0.267535
-0.135598 -0.245296
-0.0887453 -0.22591
-0.0433051 -0.208471
-0.000343729 -0.194059
0.0401176 -0.181736
0.078097 -0.17055
0.113645 -0.160544
0.146836 -0.152753
0.178767 -0.147204
0.209548 -0.143916
0.239307 -0.142898
0.267183 -0.143154
0.292321 -0.145683
0.315859 -0.149477
0.338939 -0.155524
0.360703 -0.163804
0.381294 -0.175287
0.400849 -0.187933
0.419504 -0.201692
0.437392 -0.216508
0.45364 -0.233314
0.468367 -0.252032
0.482682 -0.273569
0.49769 -0.296811
0.5 -0.321625
0.5 -0.347863
0.5 -0.375358
0.5 -0.40493
0.5 -0.435372
0.5 -0.466469
0.5 -0.497992
0.5 -0.529706
0.5 -0.562375
0.5 -0.595754
0.5 -0.629596
0.5 -0.663656
0.5 -0.697697
0.5 -0.73149
0.5 -0.764823
0.5 -0.797501
0.5 -0.829348
0.5 -0.85921
0.5 -0.88696
0.5 -0.912492
0.5 -0.935726
0.5 -0.957599
0.5 -0.978061
0.5 -0.997077
0.5 -1.01462
0.5 -1.03068
0.5 -1.04524
0.5 -1.0583
0.5 -1.06986
0.5 -1.07992
0.5 -1.0865
0.5 -1.0896
0.5 -1.08921
0.5 -1.08535
0.5 -1.078
0.5 -1.06716
0.5 -1.05283
0.5 -1.035
0.5 -1.01367
0.5 -0.98885
0.5 -0.96057
0.5 -0.928874
0.5 -0.893834
0.5 -0.855554
0.5 -0.814176
0.5 -0.769884
0.5 -0.722909
0.5 -0.673526
0.5 -0.622056
0.5 -0.568859
0.5 -0.514323
0.5 -0.458857
0.5 -0.402873
0.5 -0.346775
0.5 -0.290942
0.5 -0.235716
0.5 -0.18239
0.5 -0.131199
0.5 -0.0813171
0.5 -0.0338611
0.5 0.0121078
0.5 0.0545784
0.5 0.0955824
0.5 0.135189
0.5 0.173497
0.5 0.210637
0.5 0.24576
0.5 0.279032
0.5 0.31063
0.5 0.340737
0.5 0.36954
0.5 0.397229
0.5 0.423993
0.5 0.45002
0.5 0.4755
0.5 0.5
0 0
-0.0025 -0.0025
-0.00649993 -0.00749993
-0.0129994 -0.0139992
-0.0219969 -0.0219963
-0.0344891 -0.032488
-0.0504678 -0.0454678
-0.0699179 -0.0609243
-0.0928133 -0.0788392
-0.119112 -0.0991846
-0.148753 -0.12192
-0.18165 -0.14699
-0.217684 -0.174321
-0.255704 -0.202818
-0.296523 -0.233366
-0.339917 -0.265826
-0.38362 -0.300032
-0.429342 -0.335793
-0.476762 -0.372888
-0.524532 -0.410076
-0.572295 -0.447098
-0.619693 -0.48369
-0.666382 -0.51958
-0.712031 -0.5545
-0.756342 -0.588189
-0.799045 -0.620396
-0.83991 -0.650887
-0.878743 -0.679447
-0.915388 -0.70688
-0.949726 -0.732007
-0.98167 -0.754671
-1.01016 -0.775737
-1.03617 -0.796087
-1.05968 -0.814614
-1.08169 -0.831225
-1.10022 -0.845842
-1.11627 -0.858402
-1.12988 -0.868853
-1.14107 -0.877152
-1.15085 -0.88327
-1.15926 -0.887185
-1.1663 -0.888882
-1.171 -0.889355
-1.17237 -0.887604
-1.17142 -0.884634
-1.16714 -0.879455
-1.15952 -0.872086
-1.14854 -0.862554
-1.13417 -0.850897
-1.11739 -0.83616
-1.09716 -0.819408
-1.07346 -0.800717
-1.04627 -0.780179
-1.01558 -0.757901
-0.982404 -0.734007
-0.946771 -0.708638
-0.907752 -0.681951
-0.865448 -0.654121
-0.821006 -0.624336
-0.773618 -0.593808
-0.723526 -0.562757
-0.672023 -0.532412
-0.619443 -0.501002
-0.565154 -0.469761
-0.510555 -0.437922
-0.455053 -0.406719
-0.399061 -0.376374
-0.342982 -0.347098
-0.289193 -0.319085
-0.23602 -0.292511
-0.184746 -0.267535
-0.135598 -0.245296
-0.0887453 -0.22591
-0.0433051 -0.208471
-0.000343729 -0.194059
0.0401176 -0.181736
0.078097 -0.17055
0.113645 -0.160544
0.146836 -0.152753
0.178767 -0.147204
0.209548 -0.143916
0.239307 -0.142898
0.267183 -0.143154
0.292321 -0.145683
0.315859 -0.149477
0.338939 -0.155524
0.360703 -0.163804
0.381294 -0.175287
0.400849 -0.187933
0.419504 -0.201692
0.437392 -0.216508
0.45364 -0.233314
0.468367 -0.252032
0.482682 -0.273569
0.49769 -0.296811
0.5 -0.321625
0.5 -0.347863
0.5 -0.375358
0.5 -0.40493
0.5 -0.435372
0.5 -0.466469
0.5 -0.497992
0.5 -0.529706
0.5 -0.562375
0.5 -0.595754
0.5 -0.629596
0.5 -0.663656
0.5 -0.697697
0.5 -0.73149
0.5 -0.764823
0.5 -0.797501
0.5 -0.829348
0.5 -0.85921
0.5 -0.88696
0.5 -0.912492
0.5 -0.935726
0.5 -0.957599
0.5 -0.978061
0.5 -0.997077
0.5 -1.01462
0.5 -1.03068
0.5 -1.04524
0.5 -1.0583
0.5 -1.06986
0.5 -1.07992
0.5 -1.0865
0.5 -1.0896
0.5 -1.08921
0.5 -1.08535
0.5 -1.078
0.5 -1.06716
0.5 -1.05283
0.5 -1.035
0.5 -1.01367
0.5 -0.98885
0.5 -0.96057
0.5 -0.928874
0.5 -0.893834
0.5 -0.855554
0.5 -0.814176
0.5 -0.769884
0.5 -0.722909
0.5 -0.673526
0.5 -0.622056
0.5 -0.568859
0.5 -0.514323
0.5 -0.458857
0.5 -0.402873
0.5 -0.346775
0.5 -0.290942
0.5 -0.235716
0.5 -0.18239
0.5 -0.131199
0.5 -0.0813171
0.5 -0.0338611
0.5 0.0121078
0.5 0.0545784
0.5 0.0955824
0.5 0.135189
0.5 0.173497
0.5 0.210637
0.5 0.24576
0.5 0.279032
0.5 0.31063
0.5 0.340737
0.5 0.36954
0.5 0.397229
0.5 0.423993
0.5 0.45002
0.5 0.4755
0.5 0.5
0 0
-0.0025 -0.0025
-0.00649993 -0.00749993
-0.0129994 -0.0139992
-0.0219969 -0.0219963
-0.0344891 -0.032488
-0.0504678 -0.0454678
-0.0699179 -0.0609243
-0.0928133 -0.0788392
-0.119112 -0.0991846
-0.148753 -0.12192
-0.18165 -0.14699
-0.217684 -0.174321
-0.255704 -0.202818
-0.296523 -0.233366
-0.339917 -0.265826
-0.38362 -0.300032
-0.429342 -0.335793
-0.476762 -0.372888
-0.524532 -0.410076
-0.572295 -0.447098
-0.619693 -0.48369
-0.666382 -0.51958
-0.712031 -0.5545
-0.756342 -0.588189
-0.799045 -0.620396
-0.83991 -0.650887
-0.878743 -0.679447
-0.915388 -0.70688
-0.949726 -0.732007
-0.98167 -0.754671
-1.01016 -0.775737
-1.03617 -0.796087
-1.05968 -0.814614
-1.08169 -0.831225
-1.10022 -0.845842
-1.11627 -0.858402
-1.12988 -0.868853
-1.14107 -0.877152
-1.15085 -0.88327
-1.15926 -0.887185
-1.1663 -0.888882
-1.171 -0.889355
-1.17237 -0.887604
-1.17142 -0.884634
-1.16714 -0.879455
-1.15952 -0.872086
-1.14854 -0.862554
-1.13417 -0.850897
-1.11739 -0.83616
-1.09716 -0.819408
-1.07346 -0.800717
-1.04627 -0.780179
-1.01558 -0.757901
-0.982404 -0.734007
-0.946771 -0.708638
-0.907752 -0.681951
-0.865448 -0.654121
-0.821006 -0.624336
-0.773618 -0.593808
-0.723526 -0.562757
-0.672023 -0.532412
-0.619443 -0.501002
-0.565154 -0.469761
-0.510555 -0.437922
-0.455053 -0.406719
-0.399061 -0.376374
-0.342982 -0.347098
-0.289193 -0.319085
-0.23602 -0.292511
-0.184746 -0.267535
-0.135598 -0.245296
-0.0887453 -0.22591
-0.0433051 -0.208471
-0.000343729 -0.194059
0.0401176 -0.181736
0.078097 -0.17055
0.113645 -0.160544
0.146836 -0.152753
0.178767 -0.147204
0.209548 -0.143916
0.239307 -0.142898
0.267183 -0.143154
0.292321 -0.145683
0.315859 -0.149477
0.338939 -0.155524
0.360703 -0.163804
0.381294 -0.175287
0.400849 -0.187933
0.419504 -0.201692
0.437392 -0.216508
0.45364 -0.233314
0.468367 -0.252032
0.482682 -0.273569
0.49769 -0.296811
0.5 -0.321625
0.5 -0.347863
0.5 -0.375358
0.5 -0.40493
0.5 -0.435372
0.5 -0.466469
0.5 -0.497992
0.5 -0.529706
0.5 -0.562375
0.5 -0.595754
0.5 -0.629596
0.5 -0.663656
0.5 -0.697697
0.5 -0.73149
0.5 -0.764823
0.5 -0.797501
0.5 -0.829348
0.5 -0.85921
0.5 -0.88696
0.5 -0.912492
0.5 -0.935726
0.5 -0.957599
0.5 -0.978061
0.5 -0.997077
0.5 -1.01462
0.5 -1.03068
0.5 -1.04524
0.5 -1.0583
0.5 -1.06986
0.5 -1.07992
0.5 -1.0865
0.5 -1.0896
0.5 -1.08921
0.5 -1.08535
0.5 -1.078
0.5 -1.06716
0.5 -1.05283
0.5 -1.035
0.5 -1.01367
0.5 -0.98885
0.5 -0.96057
0.5 -0.928874
0.5 -0.893834
0.5 -0.855554
0.5 -0.814176
0.5 -0.769884
0.5 -0.722909
0.5 -0.673526
0.5 -0.622056
0.5 -0.568859
0.5 -0.514323
0.5 -0.458857
0.5 -0.402873
0.5 -0.346775
0.5 -0.290942
0.5 -0.235716
0.5 -0.18239
0.5 -0.131199
0.5 -0.0813171
0.5 -0.0338611
0.5 0.0121078
0.5 0.0545784
0.5 0.0955824
0.5 0.135189
0.5 0.173497
0.5 0.210637
0.5 0.24576
0.5 0.279032
0.5 0.31063
0.5 0.340737
0.5 0.36954
0.5 0.397229
0.5 0.423993
0.5 0.45002
0.5 0.4755
0.5 0.5
0 0
-0.0025 -0.0025
-0.00649993 -0.00749993
-0.0129994 -0.0139992
-0.0219969 -0.0219963
-0.0344891 -0.032488
-0.0504678 -0.0454678
-0.0699179 -0.0609243
-0.0928133 -0.0788392
-0.119112 -0.0991846
-0.148753 -0.12192
-0.18165 -0.14699
-0.217684 -0.174321
-0.255704 -0.202818
-0.296523 -0.233366
-0.339917 -0.265826
-0.38362 -0.300032
-0.429342 -0.335793
-0.476762 -0.372888
-0.524532 -0.410076
-0.572295 -0.447098
-0.619693 -0.48369
-0.666382 -0.51958
-0.712031 -0.5545
-0.756342 -0.588189
-0.799045 -0.620396
-0.83991 -0.650887
-0.878743 -0.679447
-0.915388 -0.70688
-0.949726 -0.732007
-0.98167 -0.754671
-1.01016 -0.775737
-1.03617 -0.796087
-1.05968 -0.814614
-1.08169 -0.831225
-1.10022 -0.845842
-1.11627 -0.858402
-1.12988 -0.868853
-1.14107 -0.877152
-1.15085 -0.88327
-1.15926 -0.887185
-1.1663 -0.888882
-1.171 -0.889355
-1.17237 -0.887604
-1.17142 -0.884634
-1.16714 -0.879455
-1.15952 -0.872086
-1.14854 -0.862554
-1.13417 -0.850897
-1.11739 -0.83616
-1.09716 -0.819408
-1.07346 -0.800717
-1.04627 -0.780179
-1.01558 -0.757901
-0.982404 -0.734007
-0.946771 -0.708638
-0.907752 -0.681951
-0.865448 -0.654121
-0.821006 -0.624336
-0.773618 -0.593808
-0.723526 -0.562757
-0.672023 -0.532412
-0.619443 -0.501002
-0.565154 -0.469761
-0.510555 -0.437922
-0.455053 -0.406719
-0.399061 -0.376374
-0.342982 -0.347098
-0.289193 -0.319085
-0.23602 -0.292511
-0.184746 -0.267535
-0.135598 -0.245296
-0.0887453 -0.22591
-0.0433051 -0.208471
-0.000343729 -0.194059
0.0401176 -0.181736
0.078097 -0.17055
0.113645 -0.160544
0.146836 -0.152753
0.178767 -0.147204
0.209548 -0.143916
0.239307 -0.142898
0.267183 -0.143154
0.292321 -0.145683
0.315859 -0.149477
0.338939 -0.155524
0.360703 -0.163804
0.381294 -0.175287
0.400849 -0.187933
0.419504 -0.201692
0.437392 -0.216508
0.45364 -0.233314
0.468367 -0.252032
0.482682 -0.273569
0.49769 -0.296811
0.5 -0.321625
0.5 -0.347863
0.5 -0.375358
0.5 -0.40493
0.5 -0.435372
0.5 -0.466469
0.5 -0.497992
0.5 -0.529706
0.5 -0.562375
0.5 -0.595754
0.5 -0.629596
0.5 -0.663656
0.5 -0.697697
0.5 -0.73149
0.5 -0.764823
0.5 -0.797501
0.5 -0.829348
0.5 -0.85921
0.5 -0.88696
0.5 -0.912492
0.5 -0.935726
0.5 -0.957599
0.5 -0.978061
0.5 -0.997077
0.5 -1.01462
0.5 -1.03068
0.5 -1.04524
0.5 -1.0583
0.5 -1.06986
0.5 -1.07992
0.5 -1.0865
0.5 -1.0896
0.5 -1.08921
0.5 -1.08535
0.5 -1.078
0.5 -1.06716
0.5 -1.05283
0.5 -1.035
0.5 -1.01367
0.5 -0.98885
0.5 -0.96057
0.5 -0.928874
0.5 -0.893834
0.5 -0.855554
0.5 -0.814176
0.5 -0.769884
0.5 -0.722909
0.5 -0.673526
0.5 -0.622056
0.5 -0.568859
0.5 -0.514323
0.5 -0.458857
0.5 -0.402873
0.5 -0.346775
0.5 -0.290942
0.5 -0.235716
0.5 -0.18239
0.5 -0.131199
0.5 -0.0813171
0.5 -0.0338611
0.5 0.0121078
0.5 0.0545784
0.5 0.0955824
0.5 0.135189
0.5 0.173497
0.5 0.210637
0.5 0.24576
0.5 0.279032
0.5 0.31063
0.5 0.340737
0.5 0.36954
0.5 0.397229
0.5 0.423993
0.5 0.45002
0.5 0.4755
0.5 0.5
0 0
-0.0025 -0.0025
-0.00649993 -0.00749993
-0.0129994 -0.0139992
-0.0219969 -0.0219963
-0.0344891 -0.032488
-0.0504678 -0.0454678
-0.0699179 -0.0609243
-0.0928133 -0.0788392
-0.119112 -0.0991846
-0.148753 -0.12192
-0.18165 -0.14699
-0.217684 -0.174321
-0.255704 -0.202818
-0.296523 -0.233366
-0.339917 -0.265826
-0.38362 -0.300032
-0.429342 -0.335793
-0.476762 -0.372888
-0.524532 -0.410076
-0.572295 -0.447098
-0.619693 -0.48369
-0.666382 -0.51958
-0.712031 -0.5545
-0.756342 -0.588189
-0.799045 -0.620396
-0.83991 -0.650887
-0.878743 -0.679447
-0.915388 -0.70688
-0.949726 -0.732007
-0.98167 -0.754671
-1.01016 -0.775737
-1.03617 -0.796087
-1.05968 -0.814614
-1.08169 -0.831225
-1.10022 -0.845842
-1.11627 -0.858402
-1.12988 -0.868853
-1.14107 -0.877152
-1.15085 -0.88327
-1.15926 -0.887185
-1.1663 -0.888882
-1.171 -0.889355
-1.17237 -0.887604
-1.17142 -0.884634
-1.16714 -0.879455
-1.15952 -0.872086
-1.14854 -0.862554
-1.13417 -0.850897
-1.11739 -0.83616
-1.09716 -0.819408
-1.07346 -0.800717
-1.04627 -0.780179
-1.01558 -0.757901
-0.982404 -0.734007
-0.946771 -0.708638
-0.907752 -0.681951
-0.865448 -0.654121
-0.821006 -0.624336
-0.773618 -0.593808
-0.723526 -0.562757
-0.672023 -0.532412
-0.619443 -0.501002
-0.565154 -0.469761
-0.510555 -0.437922
-0.455053 -0.406719
-0.399061 -0.376374
-0.342982 -0.347098
-0.289193 -0.319085
-0.23602 -0.292511
-0.184746 -0.267535
-0.135598 -0.245296
-0.0887453 -0.22591
-0.0433051 -0.208471
-0.000343729 -0.194059
0.0401176 -0.181736
0.078097 -0.17055
0.113645 -0.160544
0.146836 -0.152753
0.178767 -0.147204
0.209548 -0.143916
0.239307 -0.142898
0.267183 -0.143154
0.292321 -0.145683
0.315859 -0.149477
0.338939 -0.155524
0.360703 -0.163804
0.381294 -0.175287
0.400849 -0.187933
0.419504 -0.201692
0.437392 -0.216508
0.45364 -0.233314
0.468367 -0.252032
0.482682 -0.273569
0.49769 -0.296811
0.5 -0.321625
0.5 -0.347863
0.5 -0.375358
0.5 -0.40493
0.5 -0.435372
0.5 -0.466469
0.5 -0.497992
0.5 -0.529706
0.5 -0.562375
0.5 -0.595754
0.5 -0.629596
0.5 -0.663656
0.5 -0.697697
0.5 -0.73149
0.5 -0.764823
0.5 -0.797501
0.5 -0.829348
0.5 -0.85921
0.5 -0.88696
0.5 -0.912492
0.5 -0.935726
0.5 -0.957599
0.5 -0.978061
0.5 -0.997077
0.5 -1.01462
0.5 -1.03068
0.5 -1.04524
0.5 -1.0583
0.5 -1.06986
0.5 -1.07992
0.5 -1.0865
0.5 -1.0896
0.5 -1.08921
0.5 -1.08535
0.5 -1.078
0.5 -1.06716
0.5 -1.05283
0.5 -1.035
0.5 -1.01367
0.5 -0.98885
0.5 -0.96057
0.5 -0.928874
0.5 -0.893834
0.5 -0.855554
0.5 -0.814176
0.5 -0.769884
0.5 -0.722909
0.5 -0.673526
0.5 -0.622056
0.5 -0.568859
0.5 -0.514323
0.5 -0.458857
0.5 -0.402873
0.5 -0.346775
0.5 -0.290942
0.5 -0.235716
0.5 -0.18239
0.5 -0.131199
0.5 -0.0813171
0.5 -0.0338611
0.5 0.0121078
0.5 0.0545784
0.5 0.0955824
0.5 0.135189
0.5 0.173497
0.5 0.210637
0.5 0.24576
0.5 0.279032
0.5 0.31063
0.5 0.340737
0.5 0.36954
0.5 0.397229
0.5 0.423993
0.5 0.45002
0.5 0.4755
0.5 0.5
0 0
-0.0025 -0.0025
-0.00649993 -0.00749993
-0.0129994 -0.0139992
-0.0219969 -0.0219963
-0.0344891 -0.032488
-0.0504678 -0.0454678
-0.0699179 -0.0609243
-0.0928133 -0.0788392
-0.119112 -0.0991846
-0.148753 -0.12192
-0.18165 -0.14699
-0.217684 -0.174321
-0.255704 -0.202818
-0.296523 -0.233366
-0.339917 -0.265826
-0.38362 -0.300032
-0.429342 -0.335793
-0.476762 -0.372888
-0.524532 -0.410076
-0.572295 -0.447098
-0.619693 -0.48369
-0.666382 -0.51958
-0.712031 -0.5545
-0.756342 -0.588189
-0.799045 -0.620396
-0.83991 -0.650887
-0.878743 -0.679447
-0.915388 -0.70688
-0.949726 -0.732007
-0.98167 -0.754671
-1.01016 -0.775737
-1.03617 -0.796087
-1.05968 -0.814614
-1.08169 -0.831225
-1.10022 -0.845842
-1.11627 -0.858402
-1.12988 -0.868853
-1.14107 -0.877152
-1.15085 -0.88327
-1.15926 -0.887185
-1.1663 -0.888882
-1.171 -0.889355
-1.17237 -0.887604
-1.17142 -0.884634
-1.16714 -0.879455
-1.15952 -0.872086
-1.14854 -0.862554
-1.13417 -0.850897
-1.11739 -0.83616
-1.09716 -0.819408
-1.07346 -0.800717
-1.04627 -0.780179
-1.01558 -0.757901
-0.982404 -0.734007
-0.946771 -0.708638
-0.907752 -0.681951
-0.865448 -0.654121
-0.821006 -0.624336
-0.773618 -0.593808
-0.723526 -0.562757
-0.672023 -0.532412
-0.619443 -0.501002
-0.565154 -0.469761
-0.510555 -0.437922
-0.455053 -0.406719
-0.399061 -0.376374
-0.342982 -0.347098
-0.289193 -0.319085
-0.23602 -0.292511
-0.184746 -0.267535
-0.135598 -0.245296
-0.0887453 -0.22591
-0.0433051 -0.208471
-0.000343729 -0.194059
0.0401176 -0.181736
0.078097 -0.17055
0.113645 -0.160544
0.146836 -0.152753
0.178767 -0.147204
0.209548 -0.143916
0.239307 -0.142898
0.267183 -0.143154
0.292321 -0.145683
0.315859 -0.149477
0.338939 -0.155524
0.360703 -0.163804
0.381294 -0.175287
0.400849 -0.187933
0.419504 -0.201692
0.437392 -0.216508
0.45364 -0.233314
0.468367 -0.252032
0.482682 -0.273569
0.49769 -0.296811
0.5 -0.321625
0.5 -0.347863
0.5 -0.375358
0.5 -0.40493
0.5 -0.435372
0.5 -0.466469
0.5 -0.497992
0.5 -0.529706
0.5 -0.562375
0.5 -0.595754
0.5 -0.629596
0.5 -0.663656
0.5 -0.697697
0.5 -0.73149
0.5 -0.764823
0.5 -0.797501
0.5 -0.829348
0.5 -0.85921
0.5 -0.88696
0.5 -0.912492
0.5 -0.935726
0.5 -0.957599
0.5 -0.978061
0.5 -0.997077
0.5 -1.01462
0.5 -1.03068
0.5 -1.04524
0.5 -1.0583
0.5 -1.06986
0.5 -1.07992
0.5 -1.0865
0.5 -1.0896
0.5 -1.08921
0.5 -1.08535
0.5 -1.078
0.5 -1.06716
0.5 -1.05283
0.5 -1.035
0.5 -1.01367
0.5 -0.98885
0.5 -0.96057
0.5 -0.928874
0.5 -0.893834
0.5 -0.855554
0.5 -0.814176
0.5 -0.769884
0.5 -0.722909
0.5 -0.673526
0.5 -0.622056
0.5 -0.568859
0.5 -0.514323
0.5 -0.458857
0.5 -0.402873
0.5 -0.346775
0.5 -0.290942
0.5 -0.235716
0.5 -0.18239
0.5 -0.131199
0.5 -0.0813171
0.5 -0.0338611
0.5 0.0121078
0.5 0.0545784
0.5 0.0955824
0.5 0.135189
0.5 0.173497
0.5 0.210637
0.5 0.24576
0.5 0.279032
0.5 0.31063
0.5 0.340737
0.5 0.36954
0.5 0.397229
0.5 0.423993
0.5 0.45002
0.5 0.4755
0.5 0.5
0 0
-0.0025 -0.0025
-0.00649993 -0.00749993
-0.0129994 -0.0139992
-0.0219969 -0.0219963
-0.0344891 -0.032488
-0.0504678 -0.0454678
-0.0699179 -0.0609243
-0.0928133 -0.0788392
-0.119112 -0.0991846
-0.148753 -0.12192
-0.18165 -0.14699
-0.217684 -0.174321
-0.255704 -0.202818
-0.296523 -0.233366
-0.339917 -0.265826
-0.38362 -0.300032
-0.429342 -0.335793
-0.476762 -0.372888
-0.524532 -0.410076
-0.572295 -0.447098
-0.619693 -0.48369
-0.666382 -0.51958
-0.712031 -0.5545
-0.756342 -0.588189
-0.799045 -0.620396
-0.83991 -0.650887
-0.878743 -0.679447
-0.915388 -0.70688
-0.949726 -0.732007
-0.98167 -0.754671
-1.01016 -0.775737
-1.03617 -0.796087
-1.05968 -0.814614
-1.08169 -0.831225
-1.10022 -0.845842
-1.11627 -0.858402
-1.12988 -0.868853
-1.14107 -0.877152
-1.15085 -0.88327
-1.15926 -0.887185
-1.1663 -0.888882
-1.171 -0.889355
-1.17237 -0.887604
-1.17142 -0.884634
-1.16714 -0.879455
-1.15952 -0.872086
-1.14854 -0.862554
-1.13417 -0.850897
-1.11739 -0.83616
-1.09716 -0.819408
-1.07346 -0.800717
-1.04627 -0.780179
-1.01558 -0.757901
-0.982404 -0.734007
-0.946771 -0.708638
-0.907752 -0.681951
-0.865448 -0.654121
-0.821006 -0.624336
-0.773618 -0.593808
-0.723526 -0.562757
-0.672023 -0.532412
-0.619443 -0.501002
-0.565154 -0.469761
-0.510555 -0.437922
-0.455053 -0.406719
-0.399061 -0.376374
-0.342982 -0.347098
-0.289193 -0.319085
-0.23602 -0.292511
-0.184746 -0.267535
-0.135598 -0.245296
-0.0887453 -0.22591
-0.0433051 -0.208471
-0.000343729 -0.194059
0.0401176 -0.181736
0.078097 -0.17055
0.113645 -0.160544
0.146836 -0.152753
0.178767 -0.147204
0.209548 -0.143916
0.239307 -0.142898
0.267183 -0.143154
0.292321 -0.145683
0.315859 -0.149477
0.338939 -0.155524
0.360703 -0.163804
0.381294 -0.175287
0.400849 -0.187933
0.419504 -0.201692
0.437392 -0.216508
0.45364 -0.233314
0.468367 -0.252032
0.482682 -0.273569
0.49769 -0.296811
0.5 -0.321625
0.5 -0.347863
0.5 -0.375358
0.5 -0.40493
0.5 -0.435372
0.5 -0.466469
0.5 -0.497992
0.5 -0.529706
0.5 -0.562375
0.5 -0.595754
0.5 -0.629596
0.5 -0.663656
0.5 -0.697697
0.5 -0.73149
0.5 -0.764823
0.5 -0.797501
0.5 -0.829348
0.5 -0.85921
0.5 -0.88696
0.5 -0.912492
0.5 -0.935726
0.5 -0.957599
0.5 -0.978061
0.5 -0.997077
0.5 -1.01462
0.5 -1.03068
0.5 -1.04524
0.5 -1.0583
0.5 -1.06986
0.5 -1.07992
0.5 -1.0865
0.5 -1.0896
0.5 -1.08921
0.5 -1.08535
0.5 -1.078
0.5 -1.06716
0.5 -1.05283
0.5 -1.035
0.5 -1.01367
0.5 -0.98885
0.5 -0.96057
0.5 -0.928874
0.5 -0.893834
0.5 -0.855554
0.5 -0.814176
0.5 -0.769884
0.5 -0.722909
0.5 -0.673526
0.5 -0.622056
0.5 -0.568859
0.5 -0.514323
0.5 -0.458857
0.5 -0.402873
0.5 -0.346775
0.5 -0.290942
0.5 -0.235716
0.5 -0.18239
0.5 -0.131199
0.5 -0.0813171
0.5 -0.0338611
0.5 0.0121078
0.5 0.0545784
0.5 0.0955824
0.5 0.135189
0.5 0.173497
0.5 0.210637
0.5 0.24576
0.5 0.279032
0.5 0.31063
0.5 0.340737
0.5 0.36954
0.5 0.397229
0.5 0.423993
0.5 0.45002
0.5 0.4755
0.5 0.5
0 0
-0.0025 -0.0025
-0.00649993 -0.00749993
-0.0129994 -0.0139992
-0.0219969 -0.0219963
-0.0344891 -0.032488
-0.0504678 -0.0454678
-0.0699179 -0.0609243
-0.0928133 -0.0788392
-0.119112 -0.0991846
-0.148753 -0.12192
-0.18165 -0.14699
-0.217684 -0.174321
-0.255704 -0.202818
-0.296523 -0.233366
-0.339917 -0.265826
-0.38362 -0.300032
-0.429342 -0.335793
-0.476762 -0.372888
-0.524532 -0.410076
-0.572295 -0.447098
-0.619693 -0.48369
-0.666382 -0.51958
-0.712031 -0.5545
-0.756342 -0.588189
-0.799045 -0.620396
-0.83991 -0.650887
-0.878743 -0.679447
-0.915388 -0.70688
-0.949726 -0.732007
-0.98167 -0.754671
-1.01016 -0.775737
-1.03617 -0.796087
-1.05968 -0.814614
-1.08169 -0.831225
-1.10022 -0.845842
-1.11627 -0.858402
-1.12988 -0.868853
-1.14107 -0.877152
-1.15085 -0.88327
-1.15926 -0.887185
-1.1663 -0.888882
-1.171 -0.889355
-1.17237 -0.887604
-1.17142 -0.884634
-1.16714 -0.879455
-1.15952 -0.872086
-1.14854 -0.862554
-1.13417 -0.850897
-1.11739 -0.83616
-1.09716 -0.819408
-1.07346 -0.800717
-1.04627 -0.780179
-1.01558 -0.757901
-0.982404 -0.734007
-0.946771 -0.708638
-0.907752 -0.681951
-0.865448 -0.654121
-0.821006 -0.624336
-0.773618 -0.593808
-0.723526 -0.562757
-0.672023 -0.532412
-0.619443 -0.501002
-0.565154 -0.469761
-0.510555 -0.437922
-0.455053 -0.406719
-0.399061 -0.376374
-0.342982 -0.347098
-0.289193 -0.319085
-0.23602 -0.292511
-0.184746 -0.267535
-0.135598 -0.245296
-0.0887453 -0.22591
-0.0433051 -0.208471
-0.000343729 -0.194059
0.0401176 -0.181736
0.078097 -0.17055
0.113645 -0.160544
0.146836 -0.152753
0.178767 -0.147204
0.209548 -0.143916
0.239307 -0.142898
0.267183 -0.143154
0.292321 -0.145683
0.315859 -0.149477
0.338939 -0.155524
0.360703 -0.163804
0.381294 -0.175287
0.400849 -0.187933
0.419504 -0.201692
0.437392 -0.216508
0.45364 -0.233314
0.468367 -0.252032
0.482682 -0.273569
0.49769 -0.296811
0.5 -0.321625
0.5 -0.347863
0.5 -0.375358
0.5 -0.40493
0.5 -0.435372
0.5 -0.466469
0.5 -0.497992
0.5 -0.529706
0.5 -0.562375
0.5 -0.595754
0.5 -0.629596
0.5 -0.663656
0.5 -0.697697
0.5 -0.73149
0.5 -0.764823
0.5 -0.797501
0.5 -0.829348
0.5 -0.85921
0.5 -0.88696
0.5 -0.912492
0.5 -0.935726
0.5 -0.957599
0.5 -0.978061
0.5 -0.997077
0.5 -1.01462
0.5 -1.03068
0.5 -1.04524
0.5 -1.0583
0.5 -1.06986
0.5 -1.07992
0.5 -1.0865
0.5 -1.0896
0.5 -1.08921
0.5 -1.08535
0.5 -1.078
0.5 -1.06716
0.5 -1.05283
0.5 -1.035
0.5 -1.01367
0.5 -0.98885
0.5 -0.96057
0.5 -0.928874
0.5 -0.893834
0.5 -0.855554
0.5 -0.814176
0.5 -0.769884
0.5 -0.722909
0.5 -0.673526
0.5 -0.622056
0.5 -0.568859
0.5 -0.514323
0.5 -0.458857
0.5 -0.402873
0.5 -0.346775
0.5 -0.290942
0.5 -0.235716
0.5 -0.18239
0.5 -0.131199
0.5 -0.0813171
0.5 -0.0338611
0.5 0.0121078
0.5 0.0545784
0.5 0.0955824
0.5 0.135189
0.5 0.173497
0.5 0.210637
0.5 0.24576
0.5 0.279032
0.5 0.31063
0.5 0.340737
0.5 0.36954
0.5 0.397229
0.5 0.423993
0.5 0.45002
0.5 0.4755
0.5 0.5
0 0
-0.0025 -0.0025
-0.00649993 -0.00749993
-0.0129994 -0.0139992
-0.0219969 -0.0219963
-0.0344891 -0.032488
-0.0504678 -0.0454678
-0.0699179 -0.0609243
-0.0928133 -0.0788392
-0.119112 -0.0991846
-0.148753 -0.12192
-0.18165 -0.14699
-0.217684 -0.174321
-0.255704 -0.202818
-0.296523 -0.233366
-0.339917 -0.265826
-0.38362 -0.300032
-0.429342 -0.335793
-0.476762 -0.372888
-0.524532 -0.410076
-0.572295 -0.447098
-0.619693 -0.48369
-0.666382 -0.51958
-0.712031 -0.5545
-0.756342 -0.588189
-0.799045 -0.620396
-0.83991 -0.650887
-0.878743 -0.679447
-0.915388 -0.70688
-0.949726 -0.732007
-0.98167 -0.754671
-1.01016 -0.775737
-1.03617 -0.796087
-1.05968 -0.814614
-1.08169 -0.831225
-1.10022 -0.845842
-1.11627 -0.858402
-1.12988 -0.868853
-1.14107 -0.877152
-1.15085 -0.88327
-1.15926 -0.887185
-1.1663 -0.888882
-1.171 -0.889355
-1.17237 -0.887604
-1.17142 -0.884634
-1.16714 -0.879455
-1.15952 -0.872086
-1.14854 -0.862554
-1.13417 -0.850897
-1.11739 -0.83616
-1.09716 -0.819408
-1.07346 -0.800717
-1.04627 -0.780179
-1.01558 -0.757901
-0.982404 -0.734007
-0.946771 -0.708638
-0.907752 -0.681951
-0.865448 -0.654121
-0.821006 -0.624336
-0.773618 -0.593808
-0.723526 -0.562757
-0.672023 -0.532412
-0.619443 -0.501002
-0.565154 -0.469761
-0.510555 -0.437922
-0.455053 -0.406719
-0.399061 -0.376374
-0.342982 -0.347098
-0.289193 -0.319085
-0.23602 -0.292511
-0.184746 -0.267535
-0.135598 -0.245296
-0.0887453 -0.22591
-0.0433051 -0.208471
-0.000343729 -0.194059
0.0401176 -0.181736
0.078097 -0.17055
0.113645 -0.160544
0.146836 -0.152753
0.178767 -0.147204
0.209548 -0.143916
0.239307 -0.142898
0.267183 -0.143154
0.292321 -0.145683
0.315859 -0.149477
0.338939 -0.155524
0.360703 -0.163804
0.381294 -0.175287
0.400849 -0.187933
0.419504 -0.201692
0.437392 -0.216508
0.45364 -0.233314
0.468367 -0.252032
0.482682 -0.273569
0.49769 -0.296811
0.5 -0.321625
0.5 -0.347863
0.5 -0.375358
0.5 -0.40493
0.5 -0.435372
0.5 -0.466469
0.5 -0.497992
0.5 -0.529706
0.5 -0.562375
0.5 -0.595754
0.5 -0.629596
0.5 -0.663656
0.5 -0.697697
0.5 -0.73149
0.5 -0.764823
0.5 -0.797501
0.5 -0.829348
0.5 -0.85921
0.5 -0.88696
0.5 -0.912492
0.5 -0.935726
0.5 -0.957599
0.5 -0.978061
0.5 -0.997077
0.5 -1.01462
0.5 -1.03068
0.5 -1.04524
0.5 -1.0583
0.5 -1.06986
0.5 -1.07992
0.5 -1.0865
0.5 -1.0896
0.5 -1.08921
0.5 -1.08535
0.5 -1.078
0.5 -1.06716
0.5 -1.05283
0.5 -1.035
0.5 -1.01367
0.5 -0.98885
0.5 -0.96057
0.5 -0.928874
0.5 -0.893834
0.5 -0.855554
0.5 -0.814176
0.5 -0.769884
0.5 -0.722909
0.5 -0.673526
0.5 -0.622056
0.5 -0.568859
0.5 -0.514323
0.5 -0.458857
0.5 -0.402873
0.5 -0.346775
0.5 -0.290942
0.5 -0.235716
0.5 -0.18239
0.5 -0.131199
0.5 -0.0813171
0.5 -0.0338611
0.5 0.0121078
0.5 0.0545784
0.5 0.0955824
0.5 0.135189
0.5 0.173497
0.5 0.210637
0.5 0.24576
0.5 0.279032
0.5 0.31063
0.5 0.340737
0.5 0.36954
0.5 0.397229
0.5 0.423993
0.5 0.45002
0.5 0.4755
0.5 0.5
0 0
-0.0025 -0.0025
-0.00649993 -0.00749993
-0.0129994 -0.0139992
-0.0219969 -0.0219963
-0.0344891 -0.032488
-0.0504678 -0.0454678
-0.0699179 -0.0609243
-0.0928133 -0.0788392
-0.119112 -0.0991846
-0.148753 -0.12192
-0.18165 -0.14699
-0.217684 -0.174321
-0.255704 -0.202818
-0.296523 -0.233366
-0.339917 -0.265826
-0.38362 -0.300032
-0.429342 -0.335793
-0.476762 -0.372888
-0.524532 -0.410076
-0.572295 -0.447098
-0.619693 -0.48369
-0.666382 -0.51958
-0.712031 -0.5545
-0.756342 -0.588189
-0.799045 -0.620396
-0.83991 -0.650887
-0.878743 -0.679447
-0.915388 -0.70688
-0.949726 -0.732007
-0.98167 -0.754671
-1.01016 -0.775737
-1.03617 -0.796087
-1.05968 -0.814614
-1.08169 -0.831225
-1.10022 -0.845842
-1.11627 -0.858402
-1.12988 -0.868853
-1.14107 -0.877152
-1.15085 -0.88327
-1.15926 -0.887185
-1.1663 -0.888882
-1.171 -0.889355
-1.17237 -0.887604
-1.17142 -0.884634
-1.16714 -0.879455
-1.15952 -0.872086
-1.14854 -0.862554
-1.13417 -0.850897
-1.11739 -0.83616
-1.09716 -0.819408
-1.07346 -0.800717
-1.04627 -0.780179
-1.01558 -0.757901
-0.982404 -0.734007
-0.946771 -0.708638
-0.907752 -0.681951
-0.865448 -0.654121
-0.821006 -0.624336
-0.773618 -0.593808
-0.723526 -0.562757
-0.672023 -0.532412
-0.619443 -0.501002
-0.565154 -0.469761
-0.510555 -0.437922
-0.455053 -0.406719
-0.399061 -0.376374
-0.342982 -0.347098
-0.289193 -0.319085
-0.23602 -0.292511
-0.184746 -0.267535
-0.135598 -0.245296
-0.0887453 -0.22591
-0.0433051 -0.208471
-0.000343729 -0.194059
0.0401176 -0.181736
0.078097 -0.17055
0.113645 -0.160544
0.146836 -0.152753
0.178767 -0.147204
0.209548 -0.143916
0.239307 -0.142898
0.267183 -0.143154
0.292321 -0.145683
0.315859 -0.149477
0.338939 -0.155524
0.360703 -0.163804
0.381294 -0.175287
0.400849 -0.187933
0.419504 -0.201692
0.437392 -0.216508
0.45364 -0.233314
0.468367 -0.252032
0.482682 -0.273569
0.49769 -0.296811
0.5 -0.321625
0.5 -0.347863
0.5 -0.375358
0.5 -0.40493
0.5 -0.435372
0.5 -0.466469
0.5 -0.497992
0.5 -0.529706
0.5 -0.562375
0.5 -0.595754
0.5 -0.629596
0.5 -0.663656
0.5 -0.697697
0.5 -0.73149
0.5 -0.764823
0.5 -0.797501
0.5 -0.829348
0.5 -0.85921
0.5 -0.88696
0.5 -0.912492
0.5 -0.935726
0.5 -0.957599
0.5 -0.978061
0.5 -0.997077
0.5 -1.01462
0.5 -1.03068
0.5 -1.04524
0.5 -1.0583
0.5 -1.06986
0.5 -1.07992
0.5 -1.0865
0.5 -1.0896
0.5 -1.08921
0.5 -1.08535
0.5 -1.078
0.5 -1.06716
0.5 -1.05283
0.5 -1.035
0.5 -1.01367
0.5 -0.98885
0.5 -0.96057
0.5 -0.928874
0.5 -0.893834
0.5 -0.855554
0.5 -0.814176
0.5 -0.769884
0.5 -0.722909
0.5 -0.673526
0.5 -0.622056
0.5 -0.568859
0.5 -0.514323
0.5 -0.458857
0.5 -0.402873
0.5 -0.346775
0.5 -0.290942
0.5 -0.235716
0.5 -0.18239
0.5 -0.131199
0.5 -0.0813171
0.5 -0.0338611
0.5 0.0121078
0.5 0.0545784
0.5 0.0955824
0.5 0.135189
0.5 0.173497
0.5 0.210637
0.5 0.24576
0.5 0.279032
0.5 0.31063
0.5 0.340737
0.5 0.36954
0.5 0.397229
0.5 0.423993
0.5 0.45002
0.5 0.4755
0.5 0.5
0 0
-0.0025 -0.0025
-0.00649993 -0.00749993
-0.0129994 -0.0139992
-0.0219969 -0.0219963
-0.0344891 -0.032488
-0.0504678 -0.0454678
-0.0699179 -0.0609243
-0.0928133 -0.0788392
-0.119112 -0.0991846
-0.148753 -0.12192
-0.18165 -0.14699
-0.217684 -0.174321
-0.255704 -0.202818
-0.296523 -0.233366
-0.339917 -0.265826
-0.38362 -0.300032
-0.429342 -0.335793
-0.476762 -0.372888
-0.524532 -0.410076
-0.572295 -0.447098
-0.619693 -0.48369
-0.666382 -0.51958
-0.712031 -0.5545
-0.756342 -0.588189
-0.799045 -0.620396
-0.83991 -0.650887
-0.878743 -0.679447
-0.915388 -0.70688
-0.949726 -0.732007
-0.98167 -0.754671
-1.01016 -0.775737
-1.03617 -0.796087
-1.05968 -0.814614
-1.08169 -0.831225
-1.10022 -0.845842
-1.11627 -0.858402
-1.12988 -0.868853
-1.14107 -0.877152
-1.15085 -0.88327
-1.15926 -0.887185
-1.1663 -0.888882
-1.171 -0.889355
-1.17237 -0.887604
-1.17142 -0.884634
-1.16714 -0.879455
-1.15952 -0.872086
-1.14854 -0.862554
-1.13417 -0.850897
-1.11739 -0.83616
-1.09716 -0.819408
-1.07346 -0.800717
-1.04627 -0.780179
-1.01558 -0.757901
-0.982404 -0.734007
-0.946771 -0.708638
-0.907752 -0.681951
-0.865448 -0.654121
-0.821006 -0.624336
-0.773618 -0.593808
-0.723526 -0.562757
-0.672023 -0.532412
-0.619443 -0.501002
-0.565154 -0.469761
-0.510555 -0.437922
-0.455053 -0.406719
-0.399061 -0.376374
-0.342982 -0.347098
-0.289193 -0.319085
-0.23602 -0.292511
-0.184746 -0.267535
-0.135598 -0.245296
-0.0887453 -0.22591
-0.0433051 -0.208471
-0.000343729 -0.194059
0.0401176 -0.181736
0.078097 -0.17055
0.113645 -0.160544
0.146836 -0.152753
0.178767 -0.147204
0.209548 -0.143916
0.239307 -0.142898
0.267183 -0.143154
0.292321 -0.145683
0.315859 -0.149477
0.338939 -0.155524
0.360703 -0.163804
0.381294 -0.175287
0.400849 -0.187933
0.419504 -0.201692
0.437392 -0.216508
0.45364 -0.233314
0.468367 -0.252032
0.482682 -0.273569
0.49769 -0.296811
0.5 -0.321625
0.5 -0.347863
0.5 -0.375358
0.5 -0.40493
0.5 -0.435372
0.5 -0.466469
0.5 -0.497992
0.5 -0.529706
0.5 -0.562375
0.5 -0.595754
0.5 -0.629596
0.5 -0.663656
0.5 -0.697697
0.5 -0.73149
0.5 -0.764823
0.5 -0.797501
0.5 -0.829348
0.5 -0.85921
0.5 -0.88696
0.5 -0.912492
0.5 -0.935726
0.5 -0.957599
0.5 -0.978061
0.5 -0.997077
0.5 -1.01462
0.5 -1.03068
0.5 -1.04524
0.5 -1.0583
0.5 -1.06986
0.5 -1.07992
0.5 -1.0865
0.5 -1.0896
0.5 -1.08921
0.5 -1.08535
0.5 -1.078
0.5 -1.06716
0.5 -1.05283
0.5 -1.035
0.5 -1.01367
0.5 -0.98885
0.5 -0.96057
0.5 -0.928874
0.5 -0.893834
0.5 -0.855554
0.5 -0.814176
0.5 -0.769884
0.5 -0.722909
0.5 -0.673526
0.5 -0.622056
0.5 -0.568859
0.5 -0.514323
0.5 -0.458857
0.5 -0.402873
0.5 -0.346775
0.5 -0.290942
0.5 -0.235716
0.5 -0.18239
0.5 -0.131199
0.5 -0.0813171
0.5 -0.0338611
0.5 0.0121078
0.5 0.0545784
0.5 0.0955824
0.5 0.135189
0.5 0.173497
0.5 0.210637
0.5 0.24576
0.5 0.279032
0.5 0.31063
0.5 0.340737
0.5 0.36954
0.5 0.397229
0.5 0.423993
0.5 0.45002
0.5 0.4755
0.5 0.5
0 0
-0.0025 -0.0025
-0.00649993 -0.00749993
-0.0129994 -0.0139992
-0.0219969 -0.0219963
-0.0344891 -0.032488
-0.0504678 -0.0454678
-0.0699179 -0.0609243
-0.0928133 -0.0788392
-0.119112 -0.0991846
-0.148753 -0.12192
-0.18165 -0.14699
-0.217684 -0.174321
-0.255704 -0.202818
-0.296523 -0.233366
-0.339917 -0.265826
-0.38362 -0.300032
-0.429342 -0.335793
-0.476762 -0.372888
-0.524532 -0.410076
-0.572295 -0.447098
-0.619693 -0.48369
-0.666382 -0.51958
-0.712031 -0.5545
-0.756342 -0.588189
-0.799045 -0.620396
-0.83991 -0.650887
-0.878743 -0.679447
-0.915388 -0.70688
-0.949726 -0.732007
-0.98167 -0.754671
-1.01016 -0.775737
-1.03617 -0.796087
-1.05968 -0.814614
-1.08169 -0.831225
-1.10022 -0.845842
-1.11627 -0.858402
-1.12988 -0.868853
-1.14107 -0.877152
-1.15085 -0.88327
-1.15926 -0.887185
-1.1663 -0.888882
-1.171 -0.889355
-1.17237 -0.887604
-1.17142 -0.884634
-1.16714 -0.879455
-1.15952 -0.872086
-1.14854 -0.862554
-1.13417 -0.850897
-1.11739 -0.83616
-1.09716 -0.819408
-1.07346 -0.800717
-1.04627 -0.780179
-1.01558 -0.757901
-0.982404 -0.734007
-0.946771 -0.708638
-0.907752 -0.681951
-0.865448 -0.654121
-0.821006 -0.624336
-0.773618 -0.593808
-0.723526 -0.562757
-0.672023 -0.532412
-0.619443 -0.501002
-0.565154 -0.469761
-0.510555 -0.437922
-0.455053 -0.406719
-0.399061 -0.376374
-0.342982 -0.347098
-0.289193 -0.319085
-0.23602 -0.292511
-0.184746 -0.267535
-0.135598 -0.245296
-0.0887453 -0.22591
-0.0433051 -0.208471
-0.000343729 -0.194059
0.0401176 -0.181736
0.078097 -0.17055
0.113645 -0.160544
0.146836 -0.152753
0.178767 -0.147204
0.209548 -0.143916
0.239307 -0.142898
0.267183 -0.143154
0.292321 -0.145683
0.315859 -0.149477
0.338939 -0.155524
0.360703 -0.163804
0.381294 -0.175287
0.400849 -0.187933
0.419504 -0.201692
0.437392 -0.216508
0.45364 -0.233314
0.468367 -0.252032
0.482682 -0.273569
0.49769 -0.296811
0.5 -0.321625
0.5 -0.347863
0.5 -0.375358
0.5 -0.40493
0.5 -0.435372
0.5 -0.466469
0.5 -0.497992
0.5 -0.529706
0.5 -0.562375
0.5 -0.595754
0.5 -0.629596
0.5 -0.663656
0.5 -0.697697
0.5 -0.73149
0.5 -0.764823
0.5 -0.797501
0.5 -0.829348
0.5 -0.85921
0.5 -0.88696
0.5 -0.912492
0.5 -0.935726
0.5 -0.957599
0.5 -0.978061
0.5 -0.997077
0.5 -1.01462
0.5 -1.03068
0.5 -1.04524
0.5 -1.0583
0.5 -1.06986
0.5 -1.07992
0.5 -1.0865
0.5 -1.0896
0.5 -1.08921
0.5 -1.08535
0.5 -1.078
0.5 -1.06716
0.5 -1.05283
0.5 -1.035
0.5 -1.01367
0.5 -0.98885
0.5 -0.96057
0.5 -0.928874
0.5 -0.893834
0.5 -0.855554
0.5 -0.814176
0.5 -0.769884
0.5 -0.722909
0.5 -0.673526
0.5 -0.622056
0.5 -0.568859
0.5 -0.514323
0.5 -0.458857
0.5 -0.402873
0.5 -0.346775
0.5 -0.290942
0.5 -0.235716
0.5 -0.18239
0.5 -0.131199
0.5 -0.0813171
0.5 -0.0338611
0.5 0.0121078
0.5 0.0545784
0.5 0.0955824
0.5 0.135189
0.5 0.173497
0.5 0.210637
0.5 0.24576
0.5 0.279032
0.5 0.31063
0.5 0.340737
0.5 0.36954
0.5 0.397229
0.5 0.423993
0.5 0.45002
0.5 0.4755
0.5 0.5
0 0
-0.0025 -0.0025
-0.00649993 -0.00749993
-0.0129994 -0.0139992
-0.0219969 -0.0219963
-0.0344891 -0.032488
-0.0504678 -0.0454678
-0.0699179 -0.0609243
-0.0928133 -0.0788392
-0.119112 -0.0991846
-0.148753 -0.12192
-0.18165 -0.14699
-0.217684 -0.174321
-0.255704 -0.202818
-0.296523 -0.233366
-0.339917 -0.265826
-0.38362 -0.300032
-0.429342 -0.335793
-0.476762 -0.372888
-0.524532 -0.410076
-0.572295 -0.447098
-0.619693 -0.48369
-0.666382 -0.51958
-0.712031 -0.5545
-0.756342 -0.588189
-0.799045 -0.620396
-0.83991 -0.650887
-0.878743 -0.679447
-0.915388 -0.70688
-0.949726 -0.732007
-0.98167 -0.754671
-1.01016 -0.775737
-1.03617 -0.796087
-1.05968 -0.814614
-1.08169 -0.831225
-1.10022 -0.845842
-1.11627 -0.858402
-1.12988 -0.868853
-1.14107 -0.877152
-1.15085 -0.88327
-1.15926 -0.887185
-1.1663 -0.888882
-1.171 -0.889355
-1.17237 -0.887604
-1.17142 -0.884634
-1.16714 -0.879455
-1.15952 -0.872086
-1.14854 -0.862554
-1.13417 -0.850897
-1.11739 -0.83616
-1.09716 -0.819408
-1.07346 -0.800717
-1.04627 -0.780179
-1.01558 -0.757901
-0.982404 -0.734007
-0.946771 -0.708638
-0.907752 -0.681951
-0.865448 -0.654121
-0.821006 -0.624336
-0.773618 -0.593808
-0.723526 -0.562757
-0.672023 -0.532412
-0.619443 -0.501002
-0.565154 -0.469761
-0.510555 -0.437922
-0.455053 -0.406719
-0.399061 -0.376374
-0.342982 -0.347098
-0.289193 -0.319085
-0.23602 -0.292511
-0.184746 -0.267535
-0.135598 -0.245296
-0.0887453 -0.22591
-0.0433051 -0.208471
-0.000343729 -0.194059
0.0401176 -0.181736
0.078097 -0.17055
0.113645 -0.160544
0.146836 -0.152753
0.178767 -0.147204
0.209548 -0.143916
0.239307 -0.142898
0.267183 -0.143154
0.292321 -0.145683
0.315859 -0.149477
0.338939 -0.155524
0.360703 -0.163804
0.381294 -0.175287
0.400849 -0.187933
0.419504 -0.201692
0.437392 -0.216508
0.45364 -0.233314
0.468367 -0.252032
0.482682 -0.273569
0.49769 -0.296811
0.5 -0.321625
0.5 -0.347863
0.5 -0.375358
0.5 -0.40493
0.5 -0.435372
0.5 -0.466469
0.5 -0.497992
0.5 -0.529706
0.5 -0.562375
0.5 -0.595754
0.5 -0.629596
0.5 -0.663656
0.5 -0.697697
0.5 -0.73149
0.5 -0.764823
0.5 -0.797501
0.5 -0.829348
0.5 -0.85921
0.5 -0.88696
0.5 -0.912492
0.5 -0.935726
0.5 -0.957599
0.5 -0.978061
0.5 -0.997077
0.5 -1.01462
0.5 -1.03068
0.5 -1.04524
0.5 -1.0583
0.5 -1.06986
0.5 -1.07992
0.5 -1.0865
0.5 -1.0896
0.5 -1.08921
0.5 -1.08535
0.5 -1.078
0.5 -1.06716
0.5 -1.05283
0.5 -1.035
0.5 -1.01367
0.5 -0.98885
0.5 -0.96057
0.5 -0.928874
0.5 -0.893834
0.5 -0.855554
0.5 -0.814176
0.5 -0.769884
0.5 -0.722909
0.5 -0.673526
0.5 -0.622056
0.5 -0.568859
0.5 -0.514323
0.5 -0.458857
0.5 -0.402873
0.5 -0.346775
0.5 -0.290942
0.5 -0.235716
0.5 -0.18239
0.5 -0.131199
0.5 -0.0813171
0.5 -0.0338611
0.5 0.0121078
0.5 0.0545784
0.5 0.0955824
0.5 0.135189
0.5 0.173497
0.5 0.210637
0.5 0.24576
0.5 0.279032
0.5 0.31063
0.5 0.340737
0.5 0.36954
0.5 0.397229
0.5 0.423993
0.5 0.45002
0.5 0.4755
0.5 0.5
