-0.5
-0.499177
-0.497537
-0.495092
-0.49186
-0.487867
-0.483141
-0.477717
-0.471637
-0.464944
-0.45769
-0.449926
-0.44171
-0.433103
-0.424166
-0.414963
-0.405561
-0.396026
-0.386425
-0.376824
-0.368288
-0.361875
-0.355628
-0.349588
-0.345795
-0.342273
-0.339045
-0.336132
-0.333551
-0.33232
-0.331446
-0.331935
-0.332783
-0.333986
-0.335535
-0.337421
-0.341632
-0.34814
-0.356905
-0.366869
-0.378965
-0.393112
-0.409213
-0.427155
-0.446811
-0.468037
-0.490678
-0.514566
-0.539521
-0.565357
-0.591881
-0.618896
-0.646206
-0.673617
-0.70094
-0.727996
-0.752612
-0.776643
-0.799953
-0.82242
-0.843935
-0.8634
-0.881735
-0.897872
-0.910756
-0.922346
-0.930609
-0.935524
-0.939078
-0.941263
-0.941072
-0.939507
-0.934572
-0.926277
-0.914646
-0.89971
-0.881514
-0.860121
-0.836611
-0.811084
-0.782658
-0.751479
-0.717721
-0.681588
-0.645314
-0.608148
-0.570353
-0.53221
-0.493002
-0.453023
-0.412569
-0.372933
-0.333389
-0.296195
-0.259577
-0.224739
-0.190854
-0.15807
-0.12851
-0.100267
-0.0734116
-0.0479958
-0.0250541
-0.00360534
0.0163436
0.0327955
0.0477595
0.0592491
0.0692781
0.0778609
0.0830116
0.0857394
0.0850495
0.0809405
0.0734048
0.0624295
0.047998
0.0300923
0.00869677
-0.0161979
-0.0445896
-0.076459
-0.111763
-0.149428
-0.190345
-0.234366
-0.281294
-0.330884
-0.38284
-0.43682
-0.492444
-0.547301
-0.60298
-0.65907
-0.715172
-0.770914
-0.825967
-0.880051
-0.932943
-0.98448
-1.03456
-1.08314
-1.12924
-1.17391
-1.2
-1.19676
-1.19026
-1.1805
-1.16843
-1.15302
-1.13524
-1.11404
-1.0894
-1.06127
-1.02965
-0.994529
-0.95594
-0.913945
-0.868647
-0.820199
-0.768808
-0.71474
-0.658316
-0.599909
-0.540934
-0.482829
-0.42403
-0.364966
-0.306047
-0.247647
-0.190088
-0.133633
-0.0784799
-0.0247579
0.0254709
0.073207
0.117503
0.160453
0.202187
0.240867
0.276672
0.311789
0.346423
0.37879
0.411104
0.441591
0.472469
0.501964
0.530298
0.557682
0.584321
0.6
-0.5
-0.499177
-0.497537
-0.495092
-0.49186
-0.487867
-0.484141
-0.47971
-0.474607
-0.46887
-0.462542
-0.45567
-0.448303
-0.440496
-0.432306
-0.423793
-0.415016
-0.40604
-0.396927
-0.387742
-0.378547
-0.369407
-0.360382
-0.351533
-0.342917
-0.335592
-0.328603
-0.321994
-0.317807
-0.314067
-0.312798
-0.312006
-0.313696
-0.316859
-0.322474
-0.330509
-0.340912
-0.353617
-0.367543
-0.383597
-0.40167
-0.421637
-0.441358
-0.462689
-0.485474
-0.509544
-0.53472
-0.560813
-0.587627
-0.614963
-0.642623
-0.66841
-0.694144
-0.719654
-0.744776
-0.768359
-0.791267
-0.813377
-0.834576
-0.853768
-0.871868
-0.888806
-0.903522
-0.916965
-0.929098
-0.939885
-0.948301
-0.953327
-0.956951
-0.958165
-0.956969
-0.954363
-0.948354
-0.939954
-0.930182
-0.917063
-0.901632
-0.882935
-0.862036
-0.838013
-0.811966
-0.783016
-0.751311
-0.717028
-0.680375
-0.643588
-0.604921
-0.56465
-0.523072
-0.480497
-0.437246
-0.393634
-0.350973
-0.308549
-0.268629
-0.22944
-0.191181
-0.154023
-0.118102
-0.0835266
-0.0513726
-0.020689
0.00849935
0.0361886
0.0623925
0.0871401
0.110473
0.132441
0.153105
0.170527
0.185769
0.19889
0.210943
0.22198
0.232051
0.241204
0.249483
0.25693
0.261584
0.263469
0.262595
0.259958
0.254543
0.246322
0.235254
0.221282
0.205342
0.188361
0.169268
0.148992
0.12746
0.10461
0.0793811
0.050723
0.0205939
-0.0130305
-0.050153
-0.0897472
-0.132751
-0.17906
-0.227516
-0.277913
-0.330989
-0.386431
-0.443873
-0.502908
-0.563097
-0.623991
-0.685143
-0.744131
-0.802582
-0.860178
-0.914656
-0.965829
-1.01558
-1.06184
-1.1066
-1.1479
-1.18581
-1.2
-1.19676
-1.19026
-1.1815
-1.16943
-1.15403
-1.13625
-1.11507
-1.09043
-1.06232
-1.03071
-0.995604
-0.957027
-0.916041
-0.871746
-0.824289
-0.773871
-0.720747
-0.666229
-0.611674
-0.555466
-0.500019
-0.443749
-0.387072
-0.33039
-0.274078
-0.218468
-0.163839
-0.110415
-0.0583543
-0.00775564
0.0393437
0.0839604
0.127156
0.168031
0.207718
0.246374
0.282182
0.316334
0.34903
0.379476
0.409874
0.440436
0.46938
0.497919
0.525266
0.551626
0.577195
0.6
-0.5
-0.499177
-0.497537
-0.495092
-0.49186
-0.487867
-0.483141
-0.477717
-0.471637
-0.466944
-0.461675
-0.455867
-0.449564
-0.442811
-0.435659
-0.428158
-0.421364
-0.415324
-0.409082
-0.402682
-0.39617
-0.38959
-0.382988
-0.37641
-0.3699
-0.363502
-0.35726
-0.351214
-0.345404
-0.339867
-0.33464
-0.331756
-0.329232
-0.329085
-0.330315
-0.331915
-0.335874
-0.341168
-0.346764
-0.353624
-0.362704
-0.373945
-0.387271
-0.402591
-0.419799
-0.438773
-0.458376
-0.479465
-0.501884
-0.525466
-0.550034
-0.575404
-0.601387
-0.627792
-0.654428
-0.681108
-0.70765
-0.733881
-0.758637
-0.782772
-0.806154
-0.828662
-0.850188
-0.870638
-0.889931
-0.905997
-0.920783
-0.932248
-0.941359
-0.947096
-0.951444
-0.954395
-0.954942
-0.952084
-0.945828
-0.937186
-0.926179
-0.911835
-0.896194
-0.877305
-0.855234
-0.830067
-0.801911
-0.770902
-0.737204
-0.702011
-0.664543
-0.62505
-0.583807
-0.542115
-0.499284
-0.455635
-0.411493
-0.367176
-0.322989
-0.279217
-0.236119
-0.193919
-0.152808
-0.112939
-0.0744278
-0.0373544
-0.00176536
0.0323237
0.0649246
0.0960727
0.125824
0.154251
0.181441
0.207493
0.232513
0.256617
0.279927
0.302567
0.324668
0.344364
0.36378
0.383043
0.402283
0.421632
0.441229
0.461214
0.481734
0.502941
0.524993
0.548055
0.572301
0.595911
0.6
-0.5
-0.500177
-0.500529
-0.500054
-0.498756
-0.496644
-0.493734
-0.490047
-0.485612
-0.481461
-0.476625
-0.47114
-0.465047
-0.458391
-0.451221
-0.44359
-0.435553
-0.427168
-0.418497
-0.409601
-0.402543
-0.395374
-0.388142
-0.380899
-0.373694
-0.366575
-0.360591
-0.354782
-0.349185
-0.343837
-0.338773
-0.334026
-0.329625
-0.325598
-0.32297
-0.320757
-0.320974
-0.323618
-0.328674
-0.336111
-0.34588
-0.35792
-0.372152
-0.388481
-0.405796
-0.422976
-0.439899
-0.458444
-0.478474
-0.499842
-0.522387
-0.545942
-0.570329
-0.595367
-0.620871
-0.646656
-0.672538
-0.698341
-0.723891
-0.749029
-0.773602
-0.79747
-0.820508
-0.842602
-0.863653
-0.883573
-0.902288
-0.919736
-0.933864
-0.945635
-0.955022
-0.963003
-0.968564
-0.972694
-0.974386
-0.973638
-0.97145
-0.966827
-0.959776
-0.94931
-0.935452
-0.918232
-0.898698
-0.875907
-0.851939
-0.825888
-0.796868
-0.766021
-0.733511
-0.69853
-0.661295
-0.622057
-0.583091
-0.542682
-0.501129
-0.459745
-0.417836
-0.375708
-0.333653
-0.293947
-0.254829
-0.216517
-0.179195
-0.14302
-0.108119
-0.0745878
-0.042494
-0.0118799
0.0172357
0.0438547
0.0689953
0.0926893
0.114979
0.133917
0.151553
0.167943
0.182144
0.195209
0.205191
0.214131
0.22207
0.229043
0.235084
0.240221
0.24248
0.242871
0.242397
0.240056
0.234835
0.22671
0.217641
0.206586
0.192496
0.175311
0.154964
0.132383
0.108496
0.0812405
0.0525588
0.0204081
-0.0152379
-0.0543813
-0.0969915
-0.140997
-0.187281
-0.235682
-0.285983
-0.338919
-0.394171
-0.450369
-0.508111
-0.56697
-0.626505
-0.68428
-0.741896
-0.798989
-0.855244
-0.910402
-0.963268
-1.01471
-1.06467
-1.11313
-1.15914
-1.2
-1.19676
-1.19026
-1.1805
-1.16743
-1.15102
-1.13123
-1.10802
-1.08135
-1.05119
-1.01754
-0.980391
-0.939795
-0.895828
-0.848615
-0.798332
-0.745214
-0.689554
-0.6317
-0.572049
-0.511036
-0.449117
-0.387753
-0.326379
-0.2654
-0.205169
-0.145979
-0.0880535
-0.0315412
0.0234823
0.076012
0.125106
0.170875
0.215465
0.259059
0.299871
0.338128
0.374064
0.407917
0.439919
0.4703
0.499283
0.527084
0.553911
0.579965
0.6
-0.5
-0.499177
-0.497537
-0.495092
-0.49186
-0.487867
-0.483141
-0.477717
-0.471637
-0.464944
-0.45769
-0.449926
-0.44171
-0.433103
-0.424166
-0.414963
-0.405561
-0.398026
-0.390411
-0.382768
-0.37515
-0.36761
-0.360196
-0.35296
-0.345949
-0.339207
-0.33278
-0.326706
-0.321025
-0.315771
-0.310977
-0.306671
-0.302881
-0.300627
-0.298923
-0.29978
-0.302192
-0.307145
-0.31461
-0.322542
-0.331892
-0.343601
-0.356596
-0.371792
-0.388088
-0.406372
-0.426517
-0.44838
-0.471802
-0.496611
-0.522623
-0.549641
-0.577465
-0.604886
-0.632704
-0.660718
-0.688733
-0.716559
-0.744017
-0.77094
-0.797173
-0.822578
-0.847028
-0.870417
-0.892648
-0.913644
-0.933337
-0.951675
-0.968615
-0.983124
-0.996179
-1.00776
-1.01587
-1.02248
-1.0266
-1.02822
-1.02735
-1.02298
-1.01512
-1.00378
-0.988947
-0.970658
-0.948934
-0.925818
-0.899366
-0.870655
-0.838787
-0.803892
-0.766134
-0.725714
-0.682868
-0.637873
-0.592038
-0.544693
-0.49619
-0.446892
-0.397165
-0.347363
-0.297822
-0.248848
-0.200709
-0.15363
-0.107791
-0.0633218
-0.0203078
0.0212108
0.0612345
0.0978003
0.132973
0.166842
0.199517
0.231128
0.261815
0.291735
0.321052
0.347943
0.374576
0.399128
0.423768
0.448671
0.474017
0.497992
0.520775
0.544537
0.567455
0.589702
0.6
-0.5
-0.499177
-0.497537
-0.495092
-0.49186
-0.487867
-0.483141
-0.477717
-0.471637
-0.464944
-0.45769
-0.449926
-0.44171
-0.433103
-0.424166
-0.414963
-0.405561
-0.396026
-0.386425
-0.376824
-0.367288
-0.358882
-0.351661
-0.344674
-0.337965
-0.331578
-0.325552
-0.319926
-0.314734
-0.310009
-0.305777
-0.303066
-0.30089
-0.301263
-0.304183
-0.309632
-0.317578
-0.325973
-0.336765
-0.349885
-0.36325
-0.376772
-0.39236
-0.409907
-0.42929
-0.450371
-0.472997
-0.497001
-0.521204
-0.546426
-0.572476
-0.599161
-0.626284
-0.653649
-0.681063
-0.708339
-0.7333
-0.75779
-0.781665
-0.803791
-0.825055
-0.845354
-0.864597
-0.882707
-0.897614
-0.910269
-0.919632
-0.927676
-0.933379
-0.937726
-0.940707
-0.941314
-0.940546
-0.938405
-0.932897
-0.924033
-0.911839
-0.898348
-0.881601
-0.861658
-0.838591
-0.812498
-0.7835
-0.751744
-0.719408
-0.684686
-0.647802
-0.611008
-0.572566
-0.532758
-0.491882
-0.450243
-0.40815
-0.366905
-0.325793
-0.285079
-0.245005
-0.205785
-0.167604
-0.130614
-0.0949336
-0.0606529
-0.027831
0.00349959
0.0333303
0.0616736
0.0885595
0.114033
0.138152
0.160982
0.182598
0.20308
0.222511
0.24098
0.256573
0.271372
0.283454
0.294887
0.305736
0.314064
0.321923
0.32736
0.330409
0.331088
0.329403
0.325342
0.31888
0.309978
0.29858
0.284621
0.270019
0.252693
0.232552
0.209495
0.183415
0.154205
0.122757
0.0879775
0.0497841
0.00911859
-0.035046
-0.0806968
-0.129775
-0.182166
-0.237692
-0.29611
-0.356104
-0.418303
-0.482278
-0.547562
-0.612666
-0.676111
-0.737451
-0.798295
-0.858304
-0.917204
-0.974792
-1.03094
-1.08359
-1.13475
-1.1835
-1.2
-1.19676
-1.19026
-1.1815
-1.16943
-1.15403
-1.13525
-1.11307
-1.08743
-1.05831
-1.02569
-0.989574
-0.949997
-0.907026
-0.860773
-0.8114
-0.759128
-0.704232
-0.647047
-0.587957
-0.527388
-0.46579
-0.405623
-0.345323
-0.285297
-0.22591
-0.167471
-0.110222
-0.0543383
7.87899e-05
0.0509958
0.0984421
0.142497
0.184276
0.222928
0.260618
0.297535
0.333883
0.369883
0.403771
0.43778
0.470152
0.501125
0.53093
0.56079
0.589927
0.6
-0.5
-0.499177
-0.497537
-0.495092
-0.49186
-0.487867
-0.485141
-0.481702
-0.477577
-0.472796
-0.467395
-0.461413
-0.454895
-0.447888
-0.440445
-0.432618
-0.424466
-0.416046
-0.407419
-0.398646
-0.389788
-0.380907
-0.373063
-0.365311
-0.357702
-0.350286
-0.343112
-0.337227
-0.331668
-0.32647
-0.321666
-0.317285
-0.314355
-0.311893
-0.310915
-0.312425
-0.316416
-0.322862
-0.331724
-0.342947
-0.35646
-0.370174
-0.385999
-0.402827
-0.421541
-0.441008
-0.462089
-0.484628
-0.508459
-0.533403
-0.559274
-0.585878
-0.613017
-0.638494
-0.664126
-0.689735
-0.715149
-0.740204
-0.764747
-0.788634
-0.811737
-0.833938
-0.855133
-0.875232
-0.894157
-0.90984
-0.923233
-0.935296
-0.945999
-0.955317
-0.963228
-0.969719
-0.974777
-0.976393
-0.976566
-0.975295
-0.971581
-0.964432
-0.95386
-0.941884
-0.927533
-0.909841
-0.888858
-0.864652
-0.837311
-0.80695
-0.775711
-0.741756
-0.705279
-0.666506
-0.625694
-0.585128
-0.544103
-0.501924
-0.458908
-0.415374
-0.371638
-0.328002
-0.28475
-0.24314
-0.202395
-0.162702
-0.124217
-0.0870613
-0.0523204
-0.0190487
0.012727
0.0430046
0.071803
0.0991591
0.123125
0.14476
0.165126
0.184293
0.202333
0.219319
0.235327
0.250433
0.264712
0.278238
0.291086
0.303328
0.315036
0.326279
0.337128
0.34765
0.357912
0.365983
0.371915
0.377748
0.381522
0.383262
0.382981
0.382676
0.380345
0.375973
0.370529
0.363977
0.355274
0.34436
0.331167
0.315609
0.29859
0.279009
0.258754
0.235715
0.209775
0.181815
0.152717
0.121377
0.0887005
0.0526123
0.0130552
-0.0299999
-0.074545
-0.122528
-0.173844
-0.227327
-0.283751
-0.342823
-0.403185
-0.464431
-0.527118
-0.588779
-0.649954
-0.711204
-0.77212
-0.83234
-0.891562
-0.949551
-1.00615
-1.06126
-1.11488
-1.16505
-1.2
-1.19676
-1.19026
-1.1815
-1.16943
-1.15403
-1.13525
-1.11307
-1.08743
-1.05831
-1.02569
-0.989574
-0.949997
-0.907026
-0.860773
-0.8114
-0.759128
-0.706232
-0.651034
-0.593904
-0.53525
-0.475509
-0.415127
-0.354544
-0.294176
-0.234396
-0.175522
-0.11781
-0.0614437
-0.00653479
0.0468746
0.0978086
0.14735
0.193631
0.237822
0.281123
0.321762
0.359977
0.396015
0.430118
0.46253
0.493486
0.523217
0.552944
0.581892
0.6
-0.5
-0.499177
-0.497537
-0.495092
-0.49186
-0.487867
-0.483141
-0.477717
-0.471637
-0.464944
-0.45769
-0.449926
-0.44171
-0.433103
-0.424166
-0.414963
-0.405561
-0.396026
-0.386425
-0.376824
-0.367288
-0.357882
-0.350668
-0.343694
-0.337004
-0.330642
-0.324648
-0.319059
-0.31391
-0.310231
-0.309046
-0.310361
-0.312168
-0.315457
-0.321207
-0.329384
-0.339937
-0.352798
-0.366885
-0.383104
-0.401347
-0.421485
-0.443378
-0.466866
-0.491778
-0.517929
-0.545121
-0.573153
-0.601814
-0.629894
-0.65819
-0.686504
-0.714644
-0.742429
-0.767687
-0.792275
-0.815058
-0.836924
-0.85777
-0.87751
-0.896067
-0.913376
-0.928384
-0.942049
-0.954337
-0.965222
-0.973682
-0.980703
-0.986273
-0.989385
-0.989034
-0.986222
-0.981951
-0.976228
-0.969061
-0.959462
-0.94745
-0.934049
-0.91729
-0.899219
-0.87789
-0.854377
-0.827771
-0.798187
-0.765768
-0.73069
-0.695155
-0.657391
-0.617649
-0.576212
-0.533381
-0.489477
-0.444829
-0.399766
-0.35461
-0.309669
-0.265223
-0.221528
-0.1788
-0.137221
-0.0969335
-0.0580408
-0.0206104
0.0153248
0.0487627
0.0807273
0.111265
0.14044
0.168335
0.195041
0.220663
0.245313
0.26911
0.292179
0.314648
0.33665
0.358323
0.379807
0.401245
0.422786
0.443582
0.462784
0.482532
0.502973
0.52426
0.544551
0.566
0.587765
0.6
-0.5
-0.499177
-0.497537
-0.495092
-0.49186
-0.487867
-0.483141
-0.477717
-0.471637
-0.464944
-0.45769
-0.449926
-0.44171
-0.433103
-0.424166
-0.414963
-0.405561
-0.396026
-0.386425
-0.376824
-0.367288
-0.357882
-0.348668
-0.339707
-0.331056
-0.32277
-0.314901
-0.307497
-0.300603
-0.296259
-0.294491
-0.294309
-0.294714
-0.296704
-0.301268
-0.306378
-0.314004
-0.324101
-0.334606
-0.346454
-0.359569
-0.374865
-0.39224
-0.409575
-0.428748
-0.447624
-0.468064
-0.489918
-0.513025
-0.537212
-0.562296
-0.58809
-0.614404
-0.641045
-0.667824
-0.694554
-0.721057
-0.747165
-0.772719
-0.797574
-0.820597
-0.842676
-0.863711
-0.882616
-0.900319
-0.916761
-0.931892
-0.945671
-0.956065
-0.964052
-0.970616
-0.974746
-0.977435
-0.976678
-0.973477
-0.967837
-0.958767
-0.946285
-0.930417
-0.9112
-0.888689
-0.862955
-0.834093
-0.802225
-0.767503
-0.73011
-0.690265
-0.650222
-0.610251
-0.568639
-0.525689
-0.481724
-0.437072
-0.394061
-0.350998
-0.308173
-0.265852
-0.224278
-0.18366
-0.144171
-0.105952
-0.0691076
-0.0347098
-0.00179853
0.0296128
0.059534
0.087995
0.115043
0.140738
0.165152
0.188367
0.210471
0.231557
0.251722
0.271067
0.289694
0.307707
0.325212
0.342315
0.359124
0.375749
0.391302
0.406888
0.422617
0.4376
0.452944
0.468763
0.485173
0.502295
0.520257
0.537194
0.555234
0.57251
0.591151
0.6
-0.5
-0.500177
-0.501529
-0.502047
-0.501726
-0.502569
-0.50257
-0.503729
-0.504036
-0.50549
-0.50608
-0.505801
-0.504656
-0.504652
-0.503791
-0.502078
-0.501526
-0.50014
-0.498929
-0.496904
-0.494078
-0.490473
-0.486117
-0.481041
-0.475283
-0.468887
-0.461899
-0.454371
-0.446358
-0.43792
-0.429117
-0.420014
-0.410675
-0.401166
-0.391556
-0.38191
-0.372295
-0.362776
-0.353417
-0.34528
-0.337417
-0.329879
-0.323714
-0.317959
-0.312651
-0.307821
-0.3045
-0.302705
-0.303449
-0.306726
-0.311517
-0.317794
-0.324519
-0.333649
-0.345128
-0.358882
-0.374822
-0.390842
-0.40683
-0.424677
-0.444255
-0.465422
-0.488024
-0.511892
-0.536847
-0.561703
-0.587274
-0.613371
-0.639802
-0.666379
-0.692918
-0.719241
-0.745179
-0.770575
-0.795284
-0.817173
-0.838135
-0.858072
-0.876901
-0.894549
-0.908955
-0.922072
-0.931864
-0.939304
-0.945373
-0.950059
-0.951349
-0.950243
-0.945741
-0.937855
-0.928601
-0.916005
-0.901099
-0.88293
-0.861558
-0.839064
-0.813541
-0.785109
-0.753909
-0.720117
-0.683935
-0.645596
-0.606362
-0.565515
-0.523353
-0.480193
-0.436358
-0.39217
-0.347942
-0.303972
-0.260532
-0.217866
-0.177186
-0.13766
-0.0994241
-0.0625779
-0.0271877
0.00671072
0.0391097
0.0700258
0.099497
0.127579
0.154341
0.179867
0.204248
0.227584
0.24798
0.267537
0.286356
0.304543
0.321203
0.337436
0.353344
0.368031
0.382592
0.397127
0.411736
0.426522
0.44059
0.455042
0.467984
0.47951
0.491706
0.503664
0.516472
0.528227
0.541017
0.554937
0.570091
0.586594
0.6
-0.5
-0.499177
-0.497537
-0.495092
-0.49186
-0.487867
-0.483141
-0.477717
-0.471637
-0.464944
-0.45769
-0.449926
-0.44171
-0.435103
-0.428151
-0.420906
-0.413419
-0.405743
-0.397932
-0.390042
-0.382127
-0.375242
-0.368432
-0.362745
-0.357219
-0.351888
-0.34679
-0.342956
-0.341412
-0.342167
-0.345216
-0.350541
-0.358105
-0.367861
-0.379743
-0.39367
-0.407548
-0.423278
-0.44075
-0.458836
-0.477405
-0.49732
-0.518431
-0.540581
-0.563604
-0.587327
-0.611576
-0.635172
-0.658947
-0.682734
-0.705373
-0.727715
-0.74962
-0.770957
-0.791605
-0.811452
-0.830398
-0.848355
-0.865244
-0.880996
-0.895552
-0.908863
-0.920886
-0.929586
-0.93694
-0.94093
-0.942546
-0.942784
-0.939643
-0.935132
-0.929261
-0.920044
-0.907507
-0.891687
-0.872633
-0.850415
-0.82512
-0.796859
-0.765771
-0.733022
-0.697804
-0.660338
-0.620875
-0.579693
-0.539092
-0.497375
-0.454854
-0.411845
-0.368659
-0.325594
-0.282927
-0.240913
-0.199774
-0.159699
-0.120843
-0.0833243
-0.0482278
-0.0166053
0.0135204
0.0421481
0.0692958
0.0949973
0.1173
0.138255
0.157923
0.176366
0.19365
0.209845
0.223019
0.235233
0.246543
0.257006
0.264677
0.269595
0.273787
0.275276
0.27407
0.270162
0.264532
0.256148
0.244967
0.230932
0.213972
0.19401
0.17096
0.144732
0.117235
0.0863919
0.052132
0.0164025
-0.0228239
-0.0655445
-0.111717
-0.16025
-0.21
-0.26277
-0.318303
-0.37628
-0.436326
-0.498019
-0.558904
-0.618524
-0.678442
-0.73824
-0.795538
-0.852014
-0.907408
-0.961517
-1.01421
-1.06541
-1.11312
-1.15738
-1.2
-1.19676
-1.19026
-1.1805
-1.16743
-1.15102
-1.13123
-1.10802
-1.08135
-1.05319
-1.02154
-0.986389
-0.947782
-0.905786
-0.860512
-0.812119
-0.760823
-0.706894
-0.650659
-0.594494
-0.536801
-0.478008
-0.419557
-0.360874
-0.303363
-0.246386
-0.190257
-0.135231
-0.0815027
-0.0291999
0.0216124
0.0689301
0.113801
0.156316
0.197601
0.237813
0.276134
0.311765
0.344913
0.375783
0.404581
0.431505
0.456746
0.48049
0.504912
0.528193
0.550509
0.574027
0.596921
0.6
-0.5
-0.501177
-0.501522
-0.503032
-0.504697
-0.505503
-0.505445
-0.504522
-0.502743
-0.500121
-0.496674
-0.492429
-0.487417
-0.481676
-0.475249
-0.468183
-0.460531
-0.452349
-0.443697
-0.434639
-0.42524
-0.415568
-0.406693
-0.397676
-0.388581
-0.379472
-0.37041
-0.361457
-0.352673
-0.344115
-0.335839
-0.327898
-0.320342
-0.313218
-0.306569
-0.300435
-0.295852
-0.291848
-0.288445
-0.285663
-0.283518
-0.284022
-0.287172
-0.29195
-0.297329
-0.303278
-0.311761
-0.322728
-0.334113
-0.346843
-0.361838
-0.378998
-0.39621
-0.415354
-0.436295
-0.458884
-0.482955
-0.50833
-0.53482
-0.561225
-0.588349
-0.614991
-0.641955
-0.669051
-0.696089
-0.722891
-0.749286
-0.775115
-0.800231
-0.824502
-0.847811
-0.870054
-0.891142
-0.909999
-0.927565
-0.943789
-0.958634
-0.970066
-0.978064
-0.983616
-0.986714
-0.986353
-0.983533
-0.978258
-0.971537
-0.96238
-0.949804
-0.935833
-0.918501
-0.898852
-0.876947
-0.851862
-0.824693
-0.794561
-0.761613
-0.726028
-0.688017
-0.647821
-0.606716
-0.563993
-0.520968
-0.476963
-0.432307
-0.387327
-0.34234
-0.297648
-0.253522
-0.210208
-0.167913
-0.127808
-0.0890209
-0.0516453
-0.0157397
0.0186686
0.0515809
0.083023
0.113042
0.141704
0.169088
0.195287
0.220403
0.244546
0.267832
0.290382
0.312323
0.333783
0.354895
0.375795
0.396622
0.41752
0.437636
0.457115
0.476097
0.495725
0.514144
0.533493
0.552915
0.572557
0.593565
0.6
-0.5
-0.499177
-0.497537
-0.495092
-0.49186
-0.487867
-0.483141
-0.477717
-0.472637
-0.466937
-0.46066
-0.453852
-0.446564
-0.438848
-0.430762
-0.422362
-0.41371
-0.404868
-0.396897
-0.388854
-0.380794
-0.372772
-0.364844
-0.357062
-0.349477
-0.34214
-0.336097
-0.330388
-0.325048
-0.322111
-0.321594
-0.323502
-0.327821
-0.333527
-0.340581
-0.34994
-0.361544
-0.375316
-0.391163
-0.408978
-0.428636
-0.449996
-0.471904
-0.495198
-0.517704
-0.541255
-0.565674
-0.590778
-0.616381
-0.642298
-0.668343
-0.694336
-0.720104
-0.745482
-0.770316
-0.794464
-0.817797
-0.840199
-0.861567
-0.881814
-0.900862
-0.918647
-0.935115
-0.948224
-0.957942
-0.966249
-0.973129
-0.978571
-0.981566
-0.981109
-0.979201
-0.974844
-0.968047
-0.959819
-0.950177
-0.93714
-0.920739
-0.901015
-0.878027
-0.853855
-0.828591
-0.800346
-0.769256
-0.735486
-0.701231
-0.664707
-0.628155
-0.589832
-0.550016
-0.509001
-0.467097
-0.424613
-0.381862
-0.339141
-0.296735
-0.254902
-0.213872
-0.175846
-0.138979
-0.103399
-0.0691987
-0.0384451
-0.0101749
0.0165965
0.0418709
0.0656651
0.0880076
0.108937
0.128498
0.146743
0.163726
0.179505
0.192138
0.203675
0.214164
0.222651
0.230176
0.236773
0.241475
0.245305
0.246282
0.245411
0.241687
0.237092
0.229603
0.219185
0.206787
0.191355
0.172824
0.151122
0.127172
0.0999022
0.0702436
0.0391403
0.00455423
-0.0325316
-0.0731056
-0.11712
-0.164481
-0.214044
-0.265609
-0.319922
-0.375669
-0.431489
-0.488991
-0.547753
-0.607333
-0.666292
-0.725214
-0.783713
-0.841454
-0.898156
-0.953604
-1.00765
-1.06021
-1.11128
-1.16089
-1.2
-1.19876
-1.19427
-1.18652
-1.17549
-1.16114
-1.14343
-1.12233
-1.09779
-1.06978
-1.03828
-1.00327
-0.964791
-0.922885
-0.87765
-0.829233
-0.777831
-0.723702
-0.66716
-0.608575
-0.54836
-0.488959
-0.428817
-0.368376
-0.308058
-0.248247
-0.189273
-0.131407
-0.0748499
-0.0197296
0.0338952
0.0860328
0.134753
0.180175
0.224454
0.265778
0.304355
0.340404
0.375147
0.407814
0.438629
0.467814
0.495583
0.522141
0.548689
0.574425
0.59954
0.6
-0.5
-0.499177
-0.497537
-0.495092
-0.49186
-0.487867
-0.483141
-0.477717
-0.471637
-0.464944
-0.45769
-0.449926
-0.44171
-0.433103
-0.424166
-0.414963
-0.405561
-0.396026
-0.386425
-0.376824
-0.367288
-0.357882
-0.348668
-0.339707
-0.332056
-0.324764
-0.317876
-0.313435
-0.309468
-0.307999
-0.308037
-0.30958
-0.312621
-0.318141
-0.325106
-0.334473
-0.346183
-0.359163
-0.374326
-0.389572
-0.406796
-0.425878
-0.446683
-0.469059
-0.492843
-0.517857
-0.543914
-0.570819
-0.59837
-0.626366
-0.654603
-0.682883
-0.709013
-0.733823
-0.758159
-0.781877
-0.804846
-0.826948
-0.848075
-0.868136
-0.887049
-0.904744
-0.919165
-0.930267
-0.940022
-0.947405
-0.9534
-0.956992
-0.958176
-0.956948
-0.953311
-0.946273
-0.935848
-0.922062
-0.90495
-0.884562
-0.860965
-0.834249
-0.804526
-0.771937
-0.736652
-0.698877
-0.660846
-0.620815
-0.579065
-0.535901
-0.491645
-0.446628
-0.401184
-0.355637
-0.310297
-0.265449
-0.22135
-0.17822
-0.136241
-0.0955562
-0.0582692
-0.0224441
0.0118867
0.0447191
0.0760739
0.105994
0.134539
0.161784
0.186819
0.210736
0.233636
0.254626
0.27481
0.294297
0.313196
0.33162
0.348683
0.365493
0.382161
0.3988
0.414525
0.429447
0.444671
0.460309
0.476475
0.492289
0.508869
0.526338
0.544827
0.562476
0.580416
0.599779
0.6
-0.5
-0.501177
-0.503522
-0.507017
-0.511637
-0.517346
-0.524102
-0.531855
-0.540545
-0.550109
-0.560474
-0.571563
-0.583293
-0.595578
-0.608328
-0.621449
-0.634846
-0.648424
-0.662088
-0.675743
-0.689296
-0.702657
-0.715739
-0.728458
-0.740736
-0.752497
-0.763674
-0.774202
-0.784022
-0.792082
-0.79734
-0.801767
-0.803342
-0.804056
-0.802907
-0.799899
-0.794049
-0.785385
-0.774954
-0.761811
-0.74603
-0.727702
-0.706937
-0.683865
-0.658637
-0.631423
-0.602415
-0.571821
-0.539867
-0.506791
-0.472841
-0.43827
-0.403332
-0.368277
-0.334345
-0.301757
-0.269713
-0.238394
-0.207963
-0.17956
-0.152304
-0.126291
-0.101601
-0.079296
-0.0584203
-0.0390063
-0.0210751
-0.00463904
0.0102973
0.0237349
0.0336787
0.0421354
0.0491119
0.0546156
0.0576527
0.0572272
0.0553384
0.0509839
0.0431587
0.0338544
0.0230629
0.0107775
-0.00500668
-0.0242906
-0.0460678
-0.0713212
-0.100018
-0.131102
-0.164496
-0.201092
-0.239746
-0.279281
-0.320489
-0.364127
-0.409916
-0.457542
-0.50666
-0.556904
-0.6079
-0.65827
-0.708657
-0.758726
-0.808175
-0.856739
-0.9042
-0.950388
-0.995181
-1.0385
-1.07933
-1.11666
-1.15055
-1.18106
-1.2
-1.19676
-1.19226
-1.1845
-1.17345
-1.15908
-1.14234
-1.1222
-1.09863
-1.07159
-1.04106
-1.00702
-0.969505
-0.928557
-0.884264
-0.836765
-0.786247
-0.732957
-0.677199
-0.619328
-0.559749
-0.4989
-0.437236
-0.375212
-0.313265
-0.252793
-0.193135
-0.13457
-0.0773036
-0.0214702
0.0318683
0.0837183
0.132147
0.177269
0.221236
0.262235
0.302468
0.340161
0.376547
0.410865
0.445354
0.478262
0.50983
0.540296
0.571886
0.6
-0.5
-0.499177
-0.497537
-0.497092
-0.495845
-0.493807
-0.490992
-0.487421
-0.48312
-0.478123
-0.472466
-0.46619
-0.459343
-0.451975
-0.44414
-0.435895
-0.427301
-0.418419
-0.410312
-0.402039
-0.393658
-0.385226
-0.376803
-0.368446
-0.360211
-0.352152
-0.344324
-0.336776
-0.329557
-0.322713
-0.318286
-0.315303
-0.314782
-0.316727
-0.321127
-0.326953
-0.334169
-0.341731
-0.349591
-0.359697
-0.371984
-0.386368
-0.401753
-0.419032
-0.438083
-0.458767
-0.480935
-0.504422
-0.529052
-0.554642
-0.580999
-0.607928
-0.635231
-0.662713
-0.690181
-0.717451
-0.744348
-0.770707
-0.796379
-0.821225
-0.845124
-0.867969
-0.889666
-0.910138
-0.929317
-0.946152
-0.9616
-0.975631
-0.986219
-0.995348
-1.00201
-1.00719
-1.00989
-1.01111
-1.01084
-1.00908
-1.00485
-0.998129
-0.988938
-0.977286
-0.962188
-0.943671
-0.922774
-0.898549
-0.871068
-0.840428
-0.808754
-0.774193
-0.736925
-0.697163
-0.655158
-0.611191
-0.565576
-0.518646
-0.470753
-0.422255
-0.373505
-0.324844
-0.276586
-0.229016
-0.182379
-0.136877
-0.0926667
-0.0498607
-0.00852682
0.0293079
0.0636523
0.0965421
0.128036
0.158212
0.187165
0.215001
0.24184
0.267808
0.29304
0.317678
0.341868
0.365762
0.388515
0.411283
0.432224
0.453489
0.473232
0.491598
0.510725
0.528755
0.546823
0.564066
0.581612
0.6
-0.5
-0.499177
-0.497537
-0.495092
-0.49186
-0.488867
-0.485133
-0.480687
-0.475562
-0.469797
-0.463433
-0.456517
-0.449102
-0.44124
-0.43299
-0.424412
-0.415566
-0.406516
-0.397326
-0.388062
-0.378785
-0.369561
-0.360452
-0.351518
-0.342818
-0.334408
-0.327343
-0.320665
-0.314418
-0.308638
-0.303361
-0.298618
-0.296438
-0.296832
-0.299799
-0.303321
-0.309377
-0.315932
-0.324946
-0.336362
-0.350111
-0.366102
-0.384231
-0.404376
-0.426395
-0.450134
-0.475418
-0.502063
-0.52987
-0.558629
-0.588126
-0.617142
-0.646466
-0.675889
-0.705209
-0.734233
-0.762781
-0.790685
-0.817793
-0.842971
-0.867103
-0.890091
-0.911852
-0.931316
-0.949429
-0.966149
-0.981443
-0.995286
-1.00666
-1.01655
-1.02395
-1.02886
-1.03127
-1.03218
-1.0296
-1.02352
-1.01395
-1.00189
-0.986349
-0.967353
-0.946928
-0.923115
-0.895974
-0.865585
-0.832059
-0.795535
-0.756191
-0.71424
-0.669936
-0.62357
-0.575465
-0.525972
-0.475462
-0.424311
-0.372895
-0.32157
-0.270669
-0.220489
-0.171281
-0.123251
-0.0765513
-0.0312862
0.0124899
0.0547678
0.0945793
0.132991
0.170099
0.206025
0.240914
0.274928
0.307245
0.339051
0.370542
0.401926
0.433417
0.46324
0.491612
0.518746
0.544842
0.571098
0.596709
0.6
-0.5
-0.499177
-0.497537
-0.495092
-0.49186
-0.487867
-0.483141
-0.477717
-0.471637
-0.464944
-0.45769
-0.449926
-0.44171
-0.433103
-0.424166
-0.414963
-0.405561
-0.396026
-0.386425
-0.376824
-0.367288
-0.357882
-0.348668
-0.339707
-0.331056
-0.32277
-0.315901
-0.310491
-0.305573
-0.302175
-0.301319
-0.301009
-0.303247
-0.30802
-0.315299
-0.325041
-0.337186
-0.351657
-0.368361
-0.387188
-0.40701
-0.428688
-0.452068
-0.476981
-0.503243
-0.530657
-0.559018
-0.588114
-0.617729
-0.647647
-0.677656
-0.707551
-0.737135
-0.766225
-0.794651
-0.822262
-0.84892
-0.873508
-0.896927
-0.919096
-0.939948
-0.959428
-0.977494
-0.994114
-1.00927
-1.02193
-1.03311
-1.04079
-1.04697
-1.05164
-1.05382
-1.0525
-1.04768
-1.03936
-1.02754
-1.01222
-0.993422
-0.971153
-0.945448
-0.916359
-0.88396
-0.848355
-0.809681
-0.768116
-0.723877
-0.677225
-0.628461
-0.577923
-0.52598
-0.473018
-0.419435
-0.36562
-0.311947
-0.258756
-0.206349
-0.154978
-0.104842
-0.0560825
-0.00878827
0.0370069
0.0813174
0.124202
0.165758
0.206117
0.245439
0.282908
0.317725
0.350095
0.381221
0.410311
0.439568
0.467201
0.493414
0.5184
0.544347
0.56945
0.595896
0.6
-0.5
-0.499177
-0.497537
-0.495092
-0.49386
-0.491852
-0.490081
-0.487561
-0.484311
-0.480355
-0.475722
-0.470447
-0.464569
-0.458132
-0.451182
-0.443771
-0.435953
-0.427785
-0.419326
-0.410636
-0.401777
-0.392812
-0.383802
-0.374811
-0.365899
-0.357126
-0.34855
-0.340227
-0.332212
-0.324554
-0.317302
-0.310501
-0.30419
-0.29941
-0.295186
-0.291545
-0.289507
-0.289084
-0.289278
-0.291089
-0.295505
-0.300502
-0.308049
-0.318103
-0.330602
-0.34447
-0.360617
-0.378938
-0.39931
-0.421594
-0.44563
-0.471246
-0.498252
-0.526449
-0.555625
-0.58556
-0.616034
-0.646823
-0.677708
-0.707479
-0.73694
-0.765907
-0.794213
-0.821705
-0.848248
-0.873723
-0.898029
-0.921081
-0.94181
-0.960163
-0.9771
-0.992593
-1.00662
-1.01716
-1.02622
-1.03278
-1.03684
-1.0374
-1.03647
-1.03403
-1.0301
-1.02267
-1.01375
-1.00134
-0.985452
-0.966109
-0.943339
-0.91719
-0.887728
-0.855047
-0.81927
-0.780555
-0.739098
-0.695135
-0.648942
-0.60083
-0.552145
-0.502245
-0.452506
-0.402296
-0.351975
-0.301886
-0.25334
-0.205606
-0.158911
-0.113437
-0.0693197
-0.0286487
0.0105315
0.048213
0.0844205
0.119208
0.152653
0.184856
0.215934
0.246018
0.273253
0.299782
0.325756
0.351331
0.375671
0.399937
0.422298
0.44491
0.465937
0.487534
0.507862
0.527071
0.547306
0.567719
0.589462
0.6
-0.5
-0.501177
-0.501522
-0.503032
-0.505697
-0.509495
-0.5144
-0.520373
-0.527371
-0.53534
-0.544221
-0.553948
-0.564447
-0.575641
-0.587446
-0.599775
-0.612538
-0.625642
-0.638992
-0.652494
-0.666053
-0.678576
-0.690978
-0.703177
-0.715093
-0.726651
-0.737778
-0.748407
-0.756475
-0.763935
-0.770745
-0.775866
-0.778271
-0.779947
-0.780883
-0.781076
-0.778525
-0.773242
-0.767257
-0.758603
-0.74733
-0.735501
-0.721188
-0.704478
-0.685478
-0.66431
-0.641118
-0.616063
-0.589323
-0.561094
-0.531584
-0.501014
-0.469613
-0.437615
-0.405256
-0.372765
-0.340367
-0.308275
-0.276689
-0.245789
-0.21574
-0.188685
-0.162741
-0.138004
-0.114556
-0.0924619
-0.0727722
-0.0545233
-0.0377409
-0.0234425
-0.010638
0.000667864
0.0094737
0.0167805
0.0225905
0.0249063
0.025729
0.0230592
0.0178953
0.0112351
0.00207624
-0.00958254
-0.0237403
-0.0413917
-0.0615239
-0.0841136
-0.110124
-0.139499
-0.170159
-0.204
-0.240887
-0.279649
-0.321082
-0.364942
-0.410948
-0.457782
-0.506107
-0.554563
-0.603787
-0.652415
-0.701101
-0.749518
-0.797368
-0.844387
-0.890355
-0.935094
-0.978474
-1.01941
-1.05785
-1.09479
-1.12826
-1.1603
-1.19098
-1.2
-1.19676
-1.19126
-1.1845
-1.17444
-1.16107
-1.14434
-1.12421
-1.10065
-1.07363
-1.04311
-1.00909
-0.971584
-0.930645
-0.888358
-0.842849
-0.794295
-0.742927
-0.68903
-0.632943
-0.57505
-0.515773
-0.455555
-0.394843
-0.334074
-0.27365
-0.21393
-0.155213
-0.0977294
-0.0416393
0.0129703
0.0660818
0.116742
0.165055
0.212167
0.257269
0.30058
0.343339
0.383812
0.422267
0.458974
0.494199
0.528203
0.561242
0.593563
0.6
