1.41156e-05 -1
359.939 -0.999999
0.121848 -0.999998
359.847 -0.999996
0.169077 -0.999996
359.969 -1
0.623093 -0.999941
0.972973 -0.999856
0.212693 -0.999993
359.793 -0.999993
359.976 -1
0.814654 -0.999899
1.51389 -0.999651
3.20373 -0.998437
3.97193 -0.997598
3.19759 -0.998443
2.41685 -0.99911
1.15381 -0.999797
359.779 -0.999993
358.64 -0.999718
358.366 -0.999593
358.106 -0.999454
358.043 -0.999416
358.84 -0.999795
359.942 -0.999999
0.145997 -0.999997
359.66 -0.999982
359.088 -0.999873
358.949 -0.999832
359.464 -0.999956
0.533568 -0.999957
0.989681 -0.999851
1.16673 -0.999793
1.51309 -0.999651
2.00264 -0.999389
3.43702 -0.998201
5.38247 -0.995591
6.52677 -0.993519
7.33187 -0.991824
7.85137 -0.990626
7.6397 -0.991124
6.44392 -0.993682
4.7939 -0.996502
2.97756 -0.99865
359.742 -0.99999
356.916 -0.998552
353.677 -0.993917
351.148 -0.98809
350.654 -0.986727
350.751 -0.986998
352.706 -0.991908
354.739 -0.995788
356.879 -0.998517
359.544 -0.999968
2.5708 -0.998994
4.82092 -0.996462
6.45638 -0.993658
6.73605 -0.993097
5.89761 -0.994707
4.49678 -0.996922
2.31524 -0.999184
0.19717 -0.999994
357.899 -0.999328
356.369 -0.997992
355.037 -0.996251
353.21 -0.992985
351.335 -0.988585
350.501 -0.986289
350.211 -0.985442
350.607 -0.986593
353.062 -0.992677
356.853 -0.998492
1.52901 -0.999644
5.83108 -0.994826
8.79618 -0.988239
10.9343 -0.981845
12.7041 -0.975519
13.2925 -0.973209
12.2442 -0.977253
9.95604 -0.984941
6.82666 -0.99291
2.82468 -0.998785
358.41 -0.999615
354.384 -0.995199
351.157 -0.988114
349.446 -0.983081
348.372 -0.979477
349.587 -0.983531
351.193 -0.988209
353.321 -0.993213
356.011 -0.997577
358.016 -0.999401
0.213101 -0.999993
2.49926 -0.999049
4.38616 -0.997071
5.86128 -0.994772
5.96391 -0.994588
4.93009 -0.9963
2.86997 -0.998746
359.98 -1
357.207 -0.998812
354.2 -0.99488
351.436 -0.988849
349.068 -0.981854
348.169 -0.978756
348.799 -0.980951
350.118 -0.985164
352.155 -0.990641
354.785 -0.995861
357.13 -0.998746
0.533335 -0.999957
4.09715 -0.997444
6.54849 -0.993476
8.03955 -0.990172
9.71231 -0.985667
9.9106 -0.985078
8.87696 -0.988022
7.0174 -0.992509
3.34454 -0.998297
359.983 -1
357.195 -0.998802
354.327 -0.995101
352.28 -0.990936
350.06 -0.984988
349.368 -0.982833
349.788 -0.984158
352.047 -0.990383
355.899 -0.997439
0.0129144 -1
3.32043 -0.998321
5.86452 -0.994766
8.32282 -0.989468
9.20475 -0.987123
9.8533 -0.985249
9.27689 -0.986921
7.5781 -0.991266
5.30023 -0.995724
2.87153 -0.998744
359.577 -0.999973
356.614 -0.998254
354.063 -0.994636
352.182 -0.990704
351.367 -0.98867
351.726 -0.98959
352.358 -0.991117
352.913 -0.99236
354.642 -0.99563
358.023 -0.999405
2.71089 -0.998881
7.47058 -0.991512
11.722 -0.979145
15.3037 -0.96454
17.9135 -0.951522
18.8355 -0.94645
18.4973 -0.948339
15.8088 -0.962176
11.6819 -0.979287
5.9337 -0.994642
359.768 -0.999992
353.966 -0.99446
349.202 -0.982294
345.97 -0.970168
344.205 -0.962241
343.625 -0.959439
344.164 -0.962047
346.421 -0.972049
348.829 -0.981052
352.391 -0.991194
357.242 -0.998841
2.27918 -0.999209
7.72884 -0.990916
11.7016 -0.979217
14.2599 -0.969188
15.1561 -0.965217
15.2455 -0.964808
13.0053 -0.974349
9.14666 -0.987285
3.28812 -0.998354
357.187 -0.998795
350.277 -0.985635
344.389 -0.963111
340.432 -0.942244
339.249 -0.935129
340.687 -0.943725
343.966 -0.961096
349.908 -0.984528
357.165 -0.998776
4.18926 -0.997328
10.3206 -0.983821
15.0461 -0.965717
18.301 -0.94942
19.8826 -0.940391
20.103 -0.939077
17.9736 -0.951199
14.6791 -0.96736
10.8614 -0.982086
6.03846 -0.994452
359.527 -0.999966
353.344 -0.993259
348.068 -0.978393
343.695 -0.959782
341.687 -0.949353
341.339 -0.947426
342.405 -0.95322
344.753 -0.964801
349.377 -0.982863
354.322 -0.995093
358.948 -0.999831
4.14445 -0.997385
9.25435 -0.986984
13.653 -0.971743
16.5686 -0.958479
17.7048 -0.952636
16.7436 -0.957603
13.7472 -0.971354
9.64688 -0.985859
4.5588 -0.996836
358.912 -0.99982
352.816 -0.992151
347.041 -0.97453
342.616 -0.954325
340.492 -0.942595
340.246 -0.941151
342.08 -0.951489
345.452 -0.967939
350.584 -0.986528
357.323 -0.998909
4.25943 -0.997238
10.8303 -0.982188
16.3467 -0.959576
19.3629 -0.943438
20.2205 -0.938369
18.7442 -0.946962
14.8441 -0.966626
9.49849 -0.98629
3.05621 -0.998578
357.124 -0.998741
351.494 -0.988999
346.312 -0.9716
342.495 -0.953689
340.663 -0.94359
341.825 -0.950107
344.198 -0.962208
348.197 -0.978857
353.252 -0.993072
358.173 -0.999492
2.84895 -0.998764
6.77175 -0.993024
10.1004 -0.984502
11.8489 -0.978693
11.729 -0.97912
10.345 -0.983744
7.74728 -0.990872
4.59651 -0.996784
359.881 -0.999998
355.535 -0.996965
351.81 -0.989801
348.941 -0.98143
347.682 -0.976978
346.817 -0.973646
346.563 -0.972624
346.67 -0.973059
346.926 -0.974077
349.293 -0.98259
353.058 -0.992668
356.971 -0.998603
1.84222 -0.999483
6.76198 -0.993044
11.1874 -0.980998
13.607 -0.971932
14.0316 -0.970162
14.0788 -0.969962
12.7629 -0.975293
9.95223 -0.984952
5.80915 -0.994865
1.49475 -0.99966
358.024 -0.999405
354.348 -0.995139
351.073 -0.987886
348.517 -0.979984
345.959 -0.970121
344.393 -0.963131
343.274 -0.95769
344.389 -0.963113
346.792 -0.973548
351.1 -0.98796
357.379 -0.998954
4.89982 -0.996346
12.6216 -0.975834
18.5973 -0.947783
22.9581 -0.92079
25.3879 -0.903426
24.9966 -0.906333
23.1639 -0.919384
19.1901 -0.944433
12.6194 -0.975843
5.96195 -0.994591
358.982 -0.999842
351.13 -0.98804
344.027 -0.96139
339.187 -0.934746
335.46 -0.90967
334.582 -0.903199
335.367 -0.908998
338.9 -0.932952
344.671 -0.964424
351.79 -0.989751
359.958 -1
8.15735 -0.989882
16.0139 -0.961195
22.8775 -0.921338
28.4161 -0.879515
31.2375 -0.855025
31.646 -0.851306
28.2115 -0.881208
21.8804 -0.927964
13.4546 -0.972555
3.92905 -0.99765
354.298 -0.995051
345.562 -0.968417
338.161 -0.928232
332.467 -0.886746
329.443 -0.861121
328.62 -0.853734
331.347 -0.877542
337.33 -0.922737
345.916 -0.969938
356.117 -0.997705
7.72175 -0.990932
19.3984 -0.943232
29.8748 -0.867116
38.4584 -0.78306
43.7091 -0.722857
44.3348 -0.715268
40.8933 -0.75593
32.926 -0.839374
22.5243 -0.923717
10.1378 -0.984387
356.776 -0.998417
344.22 -0.962313
332.956 -0.890659
323.34 -0.802195
317.074 -0.732232
313.548 -0.688967
314.166 -0.696744
318.495 -0.748894
326.625 -0.835086
338.279 -0.928995
352.669 -0.991826
7.57423 -0.991275
21.7572 -0.928763
34.3766 -0.825344
44.3018 -0.715671
50.0987 -0.641467
51.9513 -0.616332
48.8018 -0.658666
41.6516 -0.747199
30.5093 -0.861546
15.482 -0.963715
358.521 -0.999667
341.424 -0.947902
325.288 -0.822021
312.251 -0.672383
302.641 -0.539377
298.22 -0.472859
299.329 -0.489823
305.793 -0.58486
316.845 -0.729502
331.879 -0.881951
349.368 -0.982834
8.13945 -0.989926
26.3101 -0.896408
41.3323 -0.750892
52.2934 -0.611618
59.3171 -0.510286
62.0418 -0.468827
60.3885 -0.494117
53.3653 -0.596711
42.0812 -0.742196
27.272 -0.888841
9.1313 -0.987327
349.639 -0.983696
332.326 -0.885601
317.376 -0.73581
306.167 -0.590139
299.874 -0.498095
298.709 -0.480356
301.334 -0.520022
308.624 -0.624204
320.125 -0.767442
335.741 -0.911694
354.495 -0.995388
14.5158 -0.968079
32.7298 -0.84123
48.8716 -0.657749
61.5431 -0.476498
69.9904 -0.342178
72.6588 -0.298061
69.9168 -0.343384
62.2216 -0.466053
48.7899 -0.658822
31.1096 -0.856181
10.1805 -0.984256
349.16 -0.982156
328.717 -0.854612
310.779 -0.653139
296.565 -0.447206
287.363 -0.298421
283.618 -0.235441
285.314 -0.264115
293.308 -0.39568
306.149 -0.589886
322.913 -0.797725
343.203 -0.957333
5.4835 -0.995424
28.1509 -0.881708
48.1107 -0.667693
64.8368 -0.425197
76.9727 -0.225415
84.6389 -0.0934332
86.6807 -0.0579001
82.6252 -0.12836
72.778 -0.296075
56.9069 -0.546001
35.3563 -0.815569
9.62611 -0.98592
342.785 -0.955201
317.29 -0.734794
294.712 -0.418059
276.315 -0.109996
262.805 0.125246
254.046 0.27486
250.371 0.335925
251.487 0.317525
258.133 0.205649
270.829 -0.0144612
288.899 -0.323893
312.846 -0.680034
341.245 -0.946905
12.1949 -0.977435
42.4834 -0.737472
69.7088 -0.346791
91.9909 0.0347402
109.455 0.333061
122.255 0.533687
131.325 0.660323
137.16 0.733253
139.804 0.763838
139.811 0.763924
136.268 0.722576
128.921 0.628242
116.92 0.452753
100.089 0.175184
77.9171 -0.209326
50.0994 -0.641458
18.1768 -0.950098
344.155 -0.962002
311.299 -0.659982
282.651 -0.219015
259.686 0.179038
241.629 0.475183
228.138 0.667335
217.819 0.789955
209.967 0.86631
204.673 0.908706
200.935 0.933984
198.096 0.950539
196.573 0.958458
195.664 0.962862
195.134 0.965318
195.026 0.965808
195.316 0.964484
195.94 0.96155
196.954 0.95654
198.449 0.948605
200.561 0.936302
203.477 0.917221
207.455 0.887374
213.064 0.838064
220.882 0.756056
231.94 0.616487
247.513 0.382473
267.702 0.0401038
293.525 -0.399151
323.879 -0.80777
357.352 -0.998932
31.2266 -0.855123
62.9206 -0.455225
89.7152 -0.00496986
110.976 0.357972
127.927 0.61465
141.298 0.780406
152.17 0.88434
160.478 0.942511
167.163 0.975004
172.658 0.991801
176.817 0.998457
180.024 1
182.102 0.999327
183.748 0.997861
184.6 0.996779
184.993 0.996206
184.909 0.996331
184.635 0.996729
184.223 0.997285
183.301 0.998341
182.832 0.998779
182.641 0.998937
182.657 0.998925
182.666 0.998917
182.53 0.999026
182.466 0.999074
182.621 0.998954
182.842 0.99877
183.159 0.998481
183.495 0.99814
184.25 0.99725
184.318 0.997162
183.871 0.997719
183.065 0.99857
182.515 0.999037
182.06 0.999354
181.504 0.999655
180.947 0.999863
180.178 0.999995
179.031 0.999857
178.345 0.999583
177.551 0.999087
176.879 0.998517
176.008 0.997574
175.371 0.996738
175.187 0.996474
175.254 0.996572
175.57 0.997012
176.016 0.997584
176.505 0.99814
176.365 0.997988
176.706 0.998348
176.739 0.998381
176.48 0.998113
176.234 0.997841
176.39 0.998016
176.64 0.998281
176.767 0.998409
176.597 0.998237
176.264 0.997874
176.272 0.997884
176.307 0.997924
176.716 0.998358
176.895 0.998532
176.902 0.998538
176.787 0.998428
176.547 0.998184
176.194 0.997794
176.161 0.997756
176.489 0.998123
176.472 0.998105
176.157 0.997752
176.47 0.998103
176.502 0.998137
176.196 0.997797
176.288 0.997903
176.444 0.998074
176.247 0.997856
176.432 0.998061
176.15 0.997743
176.208 0.997811
176.285 0.997899
176.579 0.998218
176.619 0.99826
176.594 0.998233
176.399 0.998025
176.775 0.998416
176.829 0.998469
176.879 0.998517
176.557 0.998195
176.442 0.998073
176.033 0.997604
176.313 0.99793
176.805 0.998446
176.843 0.998482
176.502 0.998137
176.182 0.99778
176.209 0.997811
176.421 0.99805
176.345 0.997966
176.786 0.998427
176.941 0.998575
176.782 0.998423
176.578 0.998217
176.244 0.997853
176.393 0.998019
176.651 0.998292
176.59 0.99823
176.278 0.99789
176.148 0.997741
176.304 0.997921
176.649 0.99829
176.728 0.99837
176.414 0.998042
176.029 0.997599
175.88 0.997416
176.112 0.997698
176.824 0.998464
177.299 0.998889
177.569 0.9991
177.555 0.99909
177.494 0.999044
177.271 0.998866
177.216 0.998819
177.095 0.998715
176.934 0.998568
176.594 0.998233
176.312 0.997929
176.383 0.998009
176.554 0.998192
176.292 0.997906
176.547 0.998185
176.393 0.998019
176.672 0.998313
176.698 0.99834
176.404 0.998031
176.225 0.99783
176.446 0.998076
176.162 0.997757
176.311 0.997927
176.794 0.998435
177.112 0.99873
177.095 0.998715
177.159 0.998771
176.906 0.998542
176.579 0.998218
176.451 0.998083
176.162 0.997758
176.43 0.998059
176.415 0.998043
176.362 0.997984
176.67 0.998312
176.781 0.998423
176.501 0.998136
176.19 0.99779
176.366 0.997989
176.591 0.99823
176.618 0.998259
176.348 0.99797
176.469 0.998102
176.321 0.997939
176.615 0.998256
176.794 0.998435
176.711 0.998353
176.643 0.998284
176.41 0.998037
176.153 0.997747
176.335 0.997954
176.709 0.99835
176.533 0.998169
176.065 0.997643
176.01 0.997576
176.565 0.998203
176.745 0.998387
176.624 0.998264
176.46 0.998092
176.137 0.997728
176.044 0.997618
176.375 0.997999
176.853 0.998492
176.952 0.998585
176.648 0.998289
176.466 0.998098
176.112 0.997699
176.094 0.997677
176.533 0.99817
176.69 0.998332
176.537 0.998175
176.331 0.99795
176.608 0.998248
176.453 0.998085
176.101 0.997686
176.029 0.997599
176.087 0.997669
176.453 0.998085
176.581 0.99822
176.22 0.997824
176.432 0.998061
176.355 0.997977
176.551 0.998188
176.407 0.998034
176.032 0.997603
176.067 0.997645
176.314 0.997931
176.702 0.998343
176.636 0.998277
176.715 0.998357
176.607 0.998248
176.317 0.997935
176.602 0.998242
176.467 0.998099
176.307 0.997923
176.561 0.9982
176.471 0.998104
176.341 0.997961
176.504 0.998139
176.38 0.998005
176.95 0.998584
177.327 0.998912
177.443 0.999005
177.231 0.998832
176.938 0.998572
176.471 0.998104
176.003 0.997567
176.01 0.997576
176.02 0.997589
176.299 0.997915
176.82 0.99846
176.644 0.998285
176.304 0.99792
176.41 0.998037
176.004 0.997569
176.041 0.997613
176.282 0.997895
176.589 0.998228
176.684 0.998326
176.511 0.998147
176.371 0.997995
176.806 0.998447
176.922 0.998558
176.941 0.998575
176.668 0.998309
176.19 0.99779
176.144 0.997736
176.55 0.998188
176.697 0.998339
176.804 0.998445
176.558 0.998196
176.183 0.997781
176.242 0.99785
176.362 0.997985
176.853 0.998492
177.135 0.99875
177.059 0.998683
176.697 0.998339
176.53 0.998167
176.19 0.99779
176.318 0.997936
176.6 0.998239
176.373 0.997997
176.632 0.998273
176.56 0.998198
176.306 0.997922
176.49 0.998124
176.427 0.998056
176.123 0.997711
176.208 0.997811
176.588 0.998227
176.422 0.998051
176.175 0.997772
176.313 0.997931
176.683 0.998325
176.878 0.998515
176.586 0.998225
176.308 0.997924
176.473 0.998106
176.266 0.997877
176.441 0.998071
176.415 0.998043
176.276 0.997888
176.45 0.998081
176.328 0.997947
176.685 0.998327
176.834 0.998473
176.759 0.998401
176.567 0.998206
176.319 0.997937
176.495 0.99813
176.355 0.997977
176.543 0.99818
176.287 0.997901
176.594 0.998233
176.494 0.998129
176.357 0.997979
176.578 0.998217
176.576 0.998215
176.438 0.998068
176.193 0.997794
176.576 0.998215
176.654 0.998296
176.665 0.998306
176.304 0.997921
176.31 0.997927
176.295 0.99791
176.924 0.998559
177.389 0.998962
177.74 0.999222
177.923 0.999343
177.866 0.999306
178.07 0.999433
178.147 0.999477
178.157 0.999483
178.022 0.999404
177.876 0.999313
177.882 0.999317
177.703 0.999196
177.517 0.999061
177.345 0.998927
176.952 0.998585
176.513 0.998148
175.848 0.997375
175.485 0.996897
175.531 0.996959
175.845 0.997372
176.408 0.998035
176.859 0.998498
177.039 0.998664
176.985 0.998615
176.889 0.998526
176.922 0.998558
176.627 0.998267
176.239 0.997847
176.361 0.997984
176.532 0.998169
176.377 0.998002
176.604 0.998244
176.614 0.998254
176.273 0.997885
176.259 0.997869
176.634 0.998275
176.848 0.998487
176.892 0.998529
176.642 0.998283
175.985 0.997546
175.737 0.997233
175.752 0.997253
175.911 0.997454
176.086 0.997667
176.464 0.998096
176.696 0.998338
176.637 0.998278
176.629 0.99827
176.543 0.99818
176.171 0.997768
176.084 0.997665
176.462 0.998094
176.352 0.997973
176.892 0.998529
177.36 0.998939
177.535 0.999075
177.595 0.999119
177.603 0.999125
177.358 0.998937
176.958 0.998591
176.591 0.99823
176.107 0.997693
175.969 0.997526
176.089 0.997671
176.347 0.997968
176.81 0.998451
177.066 0.99869
177.195 0.998802
177.176 0.998785
177.083 0.998704
176.871 0.998509
176.433 0.998062
175.871 0.997405
175.46 0.996863
175.584 0.997031
175.628 0.99709
176.047 0.997621
176.622 0.998263
176.895 0.998532
176.99 0.998621
177.02 0.998648
176.815 0.998456
176.448 0.998079
176.227 0.997832
176.668 0.998309
176.766 0.998407
176.731 0.998372
176.877 0.998515
176.424 0.998053
175.875 0.99741
175.514 0.996937
175.449 0.996847
175.917 0.997462
176.501 0.998136
176.758 0.9984
176.721 0.998363
176.541 0.998178
176.368 0.997992
176.683 0.998325
176.764 0.998406
176.485 0.998119
175.964 0.99752
176.137 0.997727
176.378 0.998002
176.742 0.998384
176.681 0.998323
176.308 0.997925
176.178 0.997775
176.309 0.997926
177.057 0.998681
177.653 0.999161
177.937 0.999352
178.1 0.99945
178.168 0.999489
178.13 0.999467
178.254 0.999536
178.157 0.999482
177.998 0.99939
177.886 0.99932
177.843 0.999291
177.864 0.999305
177.802 0.999264
177.827 0.999281
177.711 0.999202
177.608 0.999129
177.627 0.999142
177.368 0.998945
177.007 0.998636
176.578 0.998217
176.128 0.997717
176.105 0.99769
176.479 0.998113
176.564 0.998202
176.398 0.998024
176.831 0.998471
176.899 0.998535
176.802 0.998443
176.785 0.998426
176.772 0.998413
176.866 0.998505
176.687 0.998329
176.465 0.998098
176.045 0.997618
175.732 0.997227
175.763 0.997267
175.917 0.997462
175.916 0.997461
176.346 0.997967
177.157 0.998769
177.602 0.999124
177.87 0.999309
177.968 0.999371
178.022 0.999404
178.008 0.999396
178.041 0.999416
177.866 0.999306
177.57 0.999101
177.336 0.998919
176.877 0.998515
176.443 0.998074
175.988 0.99755
176.041 0.997614
176.299 0.997915
176.491 0.998125
176.531 0.998167
176.481 0.998114
176.393 0.998019
176.681 0.998323
176.535 0.998172
176.276 0.997889
176.297 0.997912
176.642 0.998283
176.788 0.998429
176.74 0.998382
176.671 0.998312
176.386 0.998011
176.359 0.997981
176.749 0.998391
176.873 0.998512
176.708 0.99835
176.571 0.998209
176.428 0.998057
176.397 0.998023
176.542 0.998179
176.316 0.997934
176.443 0.998074
176.173 0.99777
176.373 0.997997
176.699 0.998341
176.735 0.998377
176.492 0.998126
176.288 0.997902
176.445 0.998076
176.419 0.998048
176.24 0.997847
176.586 0.998225
176.649 0.99829
176.303 0.997919
176.197 0.997798
176.822 0.998462
177.089 0.99871
176.947 0.998581
176.798 0.998439
176.472 0.998105
176.087 0.997669
176.103 0.997687
176.127 0.997717
176.291 0.997906
176.933 0.998568
177.4 0.99897
177.64 0.999152
